          **********************************************************
          **********************************************************
          **********************************************************
          ***                                                    ***
          ***   ANSWERS PROGRAM                                  ***
          ***   WIMS Version 10A Release Update 0                ***
          ***   LINUX VERSION                                    ***
          ***                                                    ***
          **********************************************************
          **********************************************************
          **********************************************************



          **********************************************************
          * This is the ANSWERS QA Set version of the program.     *
          *                                                        *
          * This program has successfully executed the designated  *
          * set of test cases on the ANSWERS QA Set computer       *
          * systems.                                               *
          **********************************************************



          **********************************************************
          * This computer program is supplied under licence by     *
          * Energy, Safety and Risk Consultants (UK) Limited.      *
          **********************************************************



          **********************************************************
          * Copyright Energy, Safety and Risk Consultants (UK)     *
          * Limited, part of AMEC plc.                             *
          *                                                        *
          * All rights reserved. This computer program is          *
          * protected by copyright law and international           *
          * treaties.  Save as permitted under the Copyright       *
          * Designs and Patents Act 1988, or the terms of any      *
          * licence granted by the copyright owner, no part of     *
          * this program may be used, reproduced, distributed or   *
          * modified in any way.                                   *
          *                                                        *
          * Warning: Any unauthorised act, including reproduction  *
          * or distribution of this program or any portion of it,  *
          * may result in both a civil claim for damages and       *
          * criminal prosecution.                                  *
          **********************************************************




          Running on machine ray.eng.cam.ac.uk (System : Linux Processor type :)

          Date and time of execution: 08/03/2026 - 19.00.08





          **********************************************************
          *                                                        *
          *            WIMS Version 10A Release Update 0           *
          *            ---------------------------------           *
          *                                                        *
          *  This release corrects the following known errors:     *
          *                                                        *
          *  ANSWERS/WIMS/ERROR/055                                *
          *  ANSWERS/WIMS/ERROR/056                                *
          *  ANSWERS/WIMS/ERROR/057                                *
          *  ANSWERS/WIMS/ERROR/059                                *
          *  ANSWERS/WIMS/ERROR/060                                *
          *  ANSWERS/WIMS/ERROR/061                                *
          *  ANSWERS/WIMS/ERROR/062                                *
          *  ANSWERS/WIMS/ERROR/064                                *
          *  ANSWERS/WIMS/ERROR/065                                *
          *  ANSWERS/WIMS/ERROR/066                                *
          *  ANSWERS/WIMS/ERROR/067                                *
          *  ANSWERS/WIMS/ERROR/068                                *
          *  ANSWERS/WIMS/ERROR/069                                *
          *  ANSWERS/WIMS/ERROR/070                                *
          *                                                        *
          *  There are no known errors in this release of the      *
          *  code.                                                 *
          *                                                        *
          *  August 2014                                           *
          *                                                        *
          **********************************************************






          **********************************************************
            ANSWERS Software (FlexNet Publisher based) Licensing
            Procedure (RU5) for Feature WIMS10A_RU0
          **********************************************************



          *** The timelock password has been successfully verified.   
          *** This password expires at midnight on 31-mar-2026                 


          *** WARNING *** WARNING *** WARNING *** WARNING ***    
          ****************************************************** 
          * The PASSWORD you have supplied will expire in less * 
          * than one month from now ...                        * 
          *                                                    * 
          * ... it may be renewed from now on by contacting    * 
          * the ANSWERS Software Service.                      * 
          ****************************************************** 


          *** Successful authorisation (reported by FlexNet Publisher) for system with:
          ***     HOSTNAME=ray.eng.cam.ac.uk                                                           
          ***     "f01fafe5e3ef f01fafe694d1"                                                           
          ***     Ethernet address "f01fafe5e3ef f01fafe694d1"                                      
          ***     USER=                                                       
          ***     The number of processors detected is  16
          ***     The number of processors permitted is 76

          **********************************************************
          * This is a licensed ANSWERS software product.           *
          *                                                        *
          * The use of this program is restricted within the terms *
          * of your licence agreement with Energy, Safety and Risk *
          * Consultants (UK) Limited.                              *
          *                                                        *
          * This copy is registered with identifier - 8EF2BD127476 *
          ********************************************************** 


          **********************************************************
            End of ANSWERS Software Licensing Procedure (RU5)
            for Feature WIMS10A_RU0
          **********************************************************



INPUT=input
OUTPUT=output
SPACE= 500000000
FLATFILE=.FF
LIBRARY=/usr/software/answers/data_libraries/w10j312v1.dat

LIBRARY NAME IS  /usr/software/answers/data_libraries/w10j312v1.dat                                              
 LIBRARY HISTORY IS 
     WIMS10 LIBRARY -    JEFF3.1.2 VERSION 1 - JULY 2013                             
INPUT:HEAD 1                    * initialize

CALLING HEAD(OUTPUT_INTERFACE_NO=  1)

INPUT:material  1 density 10.50 temperature 900 class 1
INPUT:U235 0.3657
INPUT:U238 8.8899
INPUT:O    1.2444
INPUT:material 2 = 1
INPUT:material 3 = 1
INPUT:material 4 = 1
INPUT:material 5 = 1
INPUT:material 6 = 1
INPUT:material 7 = 1
INPUT:material 8 = 1
INPUT:material 9 = 1
INPUT:material 10 = 1
INPUT:material 11 = 1
INPUT:material 12 = 1
INPUT:material 13 = 1
INPUT:material 14 = 1
INPUT:material 15 = 1
INPUT:material 16 = 1
INPUT:material 17 = 1
INPUT:material 18 = 1
INPUT:material 19 = 1
INPUT:material 20 = 1
INPUT:material  21 density 0.66639 temperature 600 class 3
INPUT:H  1.1191E-1
INPUT:O  8.8809E-1
INPUT:xgrid 1 1.260         * x pitch = 1.260 cm
INPUT:ygrid 1 1.260         * y pitch = 1.260 cm   --> 1x1 grid
INPUT:map 1001 1 1 1 1      * fill 1x1 grid with rod 1
INPUT:rodsub 1 1 0.091567  1   * 20 0.026341 cm2 volume regions
INPUT:rodsub 1 2 0.129495  2
INPUT:rodsub 1 3 0.158599  3
INPUT:rodsub 1 4 0.183134  4
INPUT:rodsub 1 5 0.204750  5
INPUT:rodsub 1 6 0.224292  6
INPUT:rodsub 1 7 0.242263  7
INPUT:rodsub 1 8 0.258991  8
INPUT:rodsub 1 9 0.274701  9
INPUT:rodsub 1 10 0.289560  10
INPUT:rodsub 1 11 0.303693  11
INPUT:rodsub 1 12 0.317197  12
INPUT:rodsub 1 13 0.330149  13
INPUT:rodsub 1 14 0.342612  14
INPUT:rodsub 1 15 0.354637  15
INPUT:rodsub 1 16 0.366268  16
INPUT:rodsub 1 17 0.377540  17
INPUT:rodsub 1 18 0.388486  18
INPUT:rodsub 1 19 0.399131  19
INPUT:rodsub 1 20 0.409500  20
INPUT:rodsub 1 21 0.00 21     * rod 1 is surrounded by material 21
INPUT:square                    * square pin
INPUT:begin

TIMING: Module: cpu           0.23 wall          0.23 Overall: cpu           0.24 wall          0.29
====================================================================================================
INPUT:PERSEUS 1

CALLING PERSEUS(IN_INTERFACE_NO=  1)

INPUT:xgrid 1 1.260         * x pitch = 1.260 cm
INPUT:ygrid 1 1.260         * y pitch = 1.260 cm   --> 1x1 grid
INPUT:map 1001 1 1 1 1      * fill 1x1 grid with rod 1
INPUT:rodsub 1 1 0.091567  1   * 20 0.026341 cm2 volume regions
INPUT:rodsub 1 2 0.129495  2
INPUT:rodsub 1 3 0.158599  3
INPUT:rodsub 1 4 0.183134  4
INPUT:rodsub 1 5 0.204750  5
INPUT:rodsub 1 6 0.224292  6
INPUT:rodsub 1 7 0.242263  7
INPUT:rodsub 1 8 0.258991  8
INPUT:rodsub 1 9 0.274701  9
INPUT:rodsub 1 10 0.289560  10
INPUT:rodsub 1 11 0.303693  11
INPUT:rodsub 1 12 0.317197  12
INPUT:rodsub 1 13 0.330149  13
INPUT:rodsub 1 14 0.342612  14
INPUT:rodsub 1 15 0.354637  15
INPUT:rodsub 1 16 0.366268  16
INPUT:rodsub 1 17 0.377540  17
INPUT:rodsub 1 18 0.388486  18
INPUT:rodsub 1 19 0.399131  19
INPUT:rodsub 1 20 0.409500  20
INPUT:rodsub 1 21 0.00 21     * rod 1 is surrounded by material 21
INPUT:begin

TIMING: Module: cpu           0.01 wall          0.01 Overall: cpu           0.25 wall          0.29
====================================================================================================
INPUT:PIP 1

CALLING PIP(IN_INTERFACE_NO=  1)

INPUT:begin
Calculation converged in   7 iterations
k-infinity is 1.395990

TIMING: Module: cpu           0.11 wall          0.11 Overall: cpu           0.36 wall          0.41
====================================================================================================
INPUT:EDIT 1

CALLING EDIT(INTERFACE_NO=  1)

INPUT:groups energy 0.615
INPUT:SPECTRA
INPUT:begin
************************************************************************************************************************
INTERFACE    1  EIGENVALUE  1.395990  OVERALL MWd/t   0.0000E+00 BURNUP TIME   0.0000E+00 DAYS

========================================================================================================================
RUN SET    1


NORMALISATION
-------------
NORMALISED TO  1000.00     PRODUCTIONS USING FACTOR   108.53    

MATERIAL SPECTRA
----------------
        MATERIAL SPECTRUM/  GROUPS                                                                                                  
                 TOTAL FLUX                                                                                                         
           1      0.874419    1:135  1.97807E-06 1.08778E-05 1.64415E-05 1.28639E-04 3.80992E-04 1.50729E-03 4.13906E-03 3.91200E-03
                                     5.03682E-03 1.55784E-02 2.04494E-02 2.74033E-02 3.75237E-02 2.08770E-02 1.78521E-02 3.52730E-02
                                     3.66959E-02 1.70997E-02 1.78796E-02 1.38909E-02 1.45305E-02 1.89836E-02 5.74165E-02 1.70237E-02
                                     1.57662E-02 1.26036E-02 9.61300E-03 3.85319E-02 1.21600E-02 1.13293E-02 2.96693E-02 3.27710E-02
                                     7.42004E-03 2.03425E-02 1.24466E-02 1.16734E-02 1.63591E-02 5.22324E-03 1.17574E-02 3.26951E-03
                                     4.84108E-03 1.86083E-02 4.53072E-03 1.33132E-02 8.65200E-03 8.55250E-03 1.25851E-02 4.14024E-03
                                     1.43801E-02 2.03427E-03 1.60625E-02 4.03370E-03 1.18973E-02 1.99588E-03 5.82332E-03 7.71080E-03
                                     3.86483E-03 7.60994E-03 3.76091E-03 1.49667E-02 7.40229E-03 7.45896E-03 1.42306E-02 1.11364E-02
                                     2.94040E-03 1.33043E-02 6.36206E-03 3.68471E-03 6.11758E-03 2.47777E-03 2.16411E-03 1.94841E-03
                                     4.12484E-03 2.04248E-03 1.77208E-03 3.01999E-03 3.18541E-03 3.18226E-03 3.02260E-03 2.61392E-03
                                     5.60501E-03 4.51874E-03 5.69919E-03 3.75964E-03 2.19995E-03 2.50980E-03 2.88965E-03 2.13371E-03
                                     3.33854E-03 1.52341E-03 5.37774E-03 9.14296E-04 4.68455E-03 6.92291E-04 4.85605E-03 4.98490E-04
                                     1.28757E-03 5.63998E-04 2.20354E-03 2.94699E-03 4.17568E-04 1.08333E-03 1.29322E-03 1.39309E-03
                                     1.35279E-03 1.45412E-03 1.43630E-03 1.70223E-03 4.95598E-04 7.05898E-04 1.46342E-03 7.05492E-04
                                     8.31599E-04 1.50271E-03 1.49843E-03 4.78710E-04 6.51964E-04 3.20100E-04 3.24561E-04 6.61590E-04
                                     6.87870E-04 2.70986E-04 4.13157E-04 6.77538E-04 2.89232E-04 4.11223E-04 6.59586E-04 6.19014E-04
                                     6.34235E-04 1.65208E-03 3.47458E-04 2.16510E-03 3.84216E-04 3.03541E-03 3.67546E-03            
                  0.125581  136:172  3.16469E-02 1.71972E-02 6.89369E-03 2.60391E-02 1.87813E-02 5.50007E-03 2.75032E-02 2.33482E-02
                                     4.66650E-03 1.29938E-02 1.99345E-02 3.83963E-02 4.26779E-02 6.08172E-02 2.09915E-02 5.27900E-02
                                     6.24182E-02 2.07407E-02 7.17911E-02 6.32462E-02 2.22183E-02 6.94275E-02 1.43182E-02 4.80129E-02
                                     4.30145E-02 3.72094E-02 3.52847E-02 2.84395E-02 1.84112E-02 1.64028E-02 1.40113E-02 1.12162E-02
                                     8.02287E-03 3.22789E-03 1.29318E-03 8.08824E-04 3.07009E-04                                    
           1     1.86112E+04 TOTAL FLUX                                                                                             
                                                                                                                                    
           2      0.873971    1:135  1.97467E-06 1.08786E-05 1.64427E-05 1.28628E-04 3.80990E-04 1.50786E-03 4.14059E-03 3.90575E-03
                                     5.03329E-03 1.55683E-02 2.04387E-02 2.73787E-02 3.74940E-02 2.08645E-02 1.78349E-02 3.52428E-02
                                     3.66433E-02 1.70832E-02 1.78560E-02 1.38777E-02 1.45169E-02 1.89621E-02 5.73395E-02 1.70046E-02
                                     1.57471E-02 1.25925E-02 9.60797E-03 3.84911E-02 1.21482E-02 1.13192E-02 2.96489E-02 3.27580E-02
                                     7.41776E-03 2.03402E-02 1.24467E-02 1.16748E-02 1.63623E-02 5.22454E-03 1.17610E-02 3.27063E-03
                                     4.84287E-03 1.86164E-02 4.53287E-03 1.33198E-02 8.65669E-03 8.55718E-03 1.25927E-02 4.14285E-03
                                     1.43893E-02 2.03566E-03 1.60746E-02 4.03617E-03 1.19063E-02 1.99706E-03 5.82851E-03 7.71766E-03
                                     3.86811E-03 7.61699E-03 3.76475E-03 1.49820E-02 7.40993E-03 7.46551E-03 1.42501E-02 1.11531E-02
                                     2.94371E-03 1.33326E-02 6.37174E-03 3.68903E-03 6.13536E-03 2.48109E-03 2.16734E-03 1.95062E-03
                                     4.12986E-03 2.05085E-03 1.79858E-03 3.02594E-03 3.18938E-03 3.18585E-03 3.02776E-03 2.65052E-03
                                     5.61711E-03 4.52374E-03 5.70924E-03 3.76323E-03 2.20257E-03 2.51781E-03 2.89330E-03 2.18863E-03
                                     3.34856E-03 1.52581E-03 5.38402E-03 9.14708E-04 4.68909E-03 6.92745E-04 4.86071E-03 4.98825E-04
                                     1.28845E-03 5.64289E-04 2.20517E-03 2.94897E-03 4.17761E-04 1.08444E-03 1.29437E-03 1.39395E-03
                                     1.35395E-03 1.45503E-03 1.43727E-03 1.70348E-03 4.95926E-04 7.06397E-04 1.46448E-03 7.06010E-04
                                     8.32288E-04 1.50398E-03 1.50068E-03 4.79443E-04 6.53038E-04 3.20626E-04 3.25103E-04 6.62687E-04
                                     6.88875E-04 2.71376E-04 4.13740E-04 6.78456E-04 2.89592E-04 4.11729E-04 6.60401E-04 6.19742E-04
                                     6.34989E-04 1.65411E-03 3.47836E-04 2.16773E-03 3.84626E-04 3.03906E-03 3.67988E-03            
                  0.126029  136:172  3.15609E-02 1.71503E-02 6.87517E-03 2.59744E-02 1.87376E-02 5.48803E-03 2.74498E-02 2.33122E-02
                                     4.65995E-03 1.29774E-02 1.99110E-02 3.83518E-02 4.26275E-02 6.07395E-02 2.09652E-02 5.27325E-02
                                     6.23542E-02 2.07244E-02 7.17466E-02 6.32280E-02 2.22183E-02 6.94446E-02 1.43258E-02 4.80490E-02
                                     4.30669E-02 3.72732E-02 3.53653E-02 2.85243E-02 1.84788E-02 1.64757E-02 1.40882E-02 1.12947E-02
                                     8.09846E-03 3.26933E-03 1.31488E-03 8.26906E-04 3.19106E-04                                    
           2     1.86137E+04 TOTAL FLUX                                                                                             
                                                                                                                                    
           3      0.873509    1:135  1.97836E-06 1.08699E-05 1.64292E-05 1.28580E-04 3.80868E-04 1.50665E-03 4.13757E-03 3.90802E-03
                                     5.02727E-03 1.55491E-02 2.04061E-02 2.73614E-02 3.74537E-02 2.08244E-02 1.78167E-02 3.52065E-02
                                     3.66271E-02 1.70687E-02 1.78411E-02 1.38640E-02 1.44970E-02 1.89358E-02 5.72703E-02 1.69796E-02
                                     1.57285E-02 1.25824E-02 9.60236E-03 3.84506E-02 1.21350E-02 1.13096E-02 2.96273E-02 3.27471E-02
                                     7.41642E-03 2.03388E-02 1.24470E-02 1.16763E-02 1.63661E-02 5.22603E-03 1.17651E-02 3.27193E-03
                                     4.84488E-03 1.86254E-02 4.53524E-03 1.33270E-02 8.66182E-03 8.56224E-03 1.26010E-02 4.14567E-03
                                     1.43992E-02 2.03719E-03 1.60879E-02 4.03889E-03 1.19159E-02 1.99835E-03 5.83399E-03 7.72513E-03
                                     3.87164E-03 7.62470E-03 3.76881E-03 1.49980E-02 7.41792E-03 7.47256E-03 1.42709E-02 1.11706E-02
                                     2.94722E-03 1.33622E-02 6.38226E-03 3.69356E-03 6.15385E-03 2.48452E-03 2.17068E-03 1.95291E-03
                                     4.13524E-03 2.05958E-03 1.82621E-03 3.03183E-03 3.19339E-03 3.18972E-03 3.03320E-03 2.68857E-03
                                     5.62969E-03 4.52930E-03 5.71948E-03 3.76709E-03 2.20546E-03 2.52605E-03 2.89714E-03 2.24607E-03
                                     3.35901E-03 1.52835E-03 5.39045E-03 9.15164E-04 4.69363E-03 6.93221E-04 4.86598E-03 4.99188E-04
                                     1.28940E-03 5.64608E-04 2.20693E-03 2.95117E-03 4.17976E-04 1.08565E-03 1.29556E-03 1.39486E-03
                                     1.35515E-03 1.45600E-03 1.43829E-03 1.70477E-03 4.96264E-04 7.06912E-04 1.46565E-03 7.06597E-04
                                     8.33019E-04 1.50536E-03 1.50308E-03 4.80199E-04 6.54178E-04 3.21183E-04 3.25651E-04 6.63832E-04
                                     6.89974E-04 2.71773E-04 4.14339E-04 6.79412E-04 2.89983E-04 4.12281E-04 6.61279E-04 6.20509E-04
                                     6.35754E-04 1.65612E-03 3.48216E-04 2.17033E-03 3.85030E-04 3.04277E-03 3.68470E-03            
                  0.126491  136:172  3.14739E-02 1.71026E-02 6.85672E-03 2.59093E-02 1.86945E-02 5.47585E-03 2.73966E-02 2.32741E-02
                                     4.65355E-03 1.29599E-02 1.98872E-02 3.83077E-02 4.25729E-02 6.06656E-02 2.09400E-02 5.26692E-02
                                     6.22975E-02 2.07065E-02 7.17027E-02 6.32102E-02 2.22155E-02 6.94579E-02 1.43326E-02 4.80860E-02
                                     4.31178E-02 3.73364E-02 3.54454E-02 2.86087E-02 1.85480E-02 1.65504E-02 1.41676E-02 1.13753E-02
                                     8.17554E-03 3.31196E-03 1.33719E-03 8.45530E-04 3.31735E-04                                    
           3     1.86156E+04 TOTAL FLUX                                                                                             
                                                                                                                                    
           4      0.873047    1:135  1.97309E-06 1.08732E-05 1.64315E-05 1.28491E-04 3.80529E-04 1.50574E-03 4.13532E-03 3.90115E-03
                                     5.02854E-03 1.55521E-02 2.04115E-02 2.73326E-02 3.74349E-02 2.08407E-02 1.78068E-02 3.51576E-02
                                     3.65880E-02 1.70457E-02 1.78215E-02 1.38460E-02 1.44806E-02 1.89120E-02 5.71828E-02 1.69579E-02
                                     1.57118E-02 1.25663E-02 9.59593E-03 3.84060E-02 1.21211E-02 1.12965E-02 2.96033E-02 3.27276E-02
                                     7.41342E-03 2.03339E-02 1.24461E-02 1.16764E-02 1.63679E-02 5.22684E-03 1.17678E-02 3.27279E-03
                                     4.84628E-03 1.86321E-02 4.53706E-03 1.33327E-02 8.66593E-03 8.56623E-03 1.26078E-02 4.14798E-03
                                     1.44074E-02 2.03845E-03 1.60991E-02 4.04110E-03 1.19242E-02 1.99942E-03 5.83888E-03 7.73158E-03
                                     3.87471E-03 7.63140E-03 3.77247E-03 1.50125E-02 7.42486E-03 7.47881E-03 1.42897E-02 1.11870E-02
                                     2.95052E-03 1.33906E-02 6.39191E-03 3.69774E-03 6.17195E-03 2.48781E-03 2.17387E-03 1.95495E-03
                                     4.14013E-03 2.06822E-03 1.85439E-03 3.03781E-03 3.19720E-03 3.19318E-03 3.03838E-03 2.72732E-03
                                     5.64234E-03 4.53420E-03 5.72944E-03 3.77049E-03 2.20808E-03 2.53425E-03 2.90067E-03 2.30521E-03
                                     3.36899E-03 1.53071E-03 5.39632E-03 9.15505E-04 4.69807E-03 6.93618E-04 4.87052E-03 4.99499E-04
                                     1.29021E-03 5.64862E-04 2.20849E-03 2.95295E-03 4.18138E-04 1.08672E-03 1.29664E-03 1.39560E-03
                                     1.35621E-03 1.45680E-03 1.43914E-03 1.70589E-03 4.96556E-04 7.07365E-04 1.46664E-03 7.07087E-04
                                     8.33682E-04 1.50655E-03 1.50528E-03 4.80930E-04 6.55292E-04 3.21726E-04 3.26184E-04 6.64921E-04
                                     6.90995E-04 2.72159E-04 4.14919E-04 6.80281E-04 2.90344E-04 4.12787E-04 6.62075E-04 6.21198E-04
                                     6.36470E-04 1.65807E-03 3.48577E-04 2.17283E-03 3.85413E-04 3.04624E-03 3.68906E-03            
                  0.126953  136:172  3.13828E-02 1.70541E-02 6.83765E-03 2.58413E-02 1.86493E-02 5.46357E-03 2.73394E-02 2.32369E-02
                                     4.64664E-03 1.29429E-02 1.98626E-02 3.82614E-02 4.25202E-02 6.05852E-02 2.09128E-02 5.26083E-02
                                     6.22340E-02 2.06891E-02 7.16562E-02 6.31916E-02 2.22155E-02 6.94740E-02 1.43397E-02 4.81242E-02
                                     4.31729E-02 3.74008E-02 3.55294E-02 2.86967E-02 1.86186E-02 1.66275E-02 1.42478E-02 1.14572E-02
                                     8.25434E-03 3.35560E-03 1.36012E-03 8.64764E-04 3.44934E-04                                    
           4     1.86198E+04 TOTAL FLUX                                                                                             
                                                                                                                                    
           5      0.872548    1:135  1.97631E-06 1.08586E-05 1.64112E-05 1.28405E-04 3.80256E-04 1.50396E-03 4.12669E-03 3.90221E-03
                                     5.02111E-03 1.55302E-02 2.03666E-02 2.73090E-02 3.73839E-02 2.07947E-02 1.77797E-02 3.51512E-02
                                     3.65283E-02 1.70247E-02 1.78064E-02 1.38287E-02 1.44632E-02 1.88867E-02 5.71056E-02 1.69418E-02
                                     1.56909E-02 1.25563E-02 9.59116E-03 3.83652E-02 1.21095E-02 1.12869E-02 2.95852E-02 3.27170E-02
                                     7.41247E-03 2.03341E-02 1.24476E-02 1.16793E-02 1.63733E-02 5.22890E-03 1.17732E-02 3.27445E-03
                                     4.84884E-03 1.86433E-02 4.53997E-03 1.33416E-02 8.67214E-03 8.57238E-03 1.26176E-02 4.15138E-03
                                     1.44192E-02 2.04023E-03 1.61144E-02 4.04430E-03 1.19354E-02 2.00097E-03 5.84520E-03 7.74005E-03
                                     3.87876E-03 7.64012E-03 3.77710E-03 1.50309E-02 7.43409E-03 7.48683E-03 1.43125E-02 1.12064E-02
                                     2.95439E-03 1.34227E-02 6.40335E-03 3.70288E-03 6.19187E-03 2.49164E-03 2.17759E-03 1.95759E-03
                                     4.14616E-03 2.07758E-03 1.88379E-03 3.04449E-03 3.20174E-03 3.19758E-03 3.04439E-03 2.76774E-03
                                     5.65568E-03 4.54040E-03 5.74089E-03 3.77496E-03 2.21120E-03 2.54322E-03 2.90492E-03 2.36692E-03
                                     3.38069E-03 1.53357E-03 5.40374E-03 9.16064E-04 4.70343E-03 6.94186E-04 4.87644E-03 4.99927E-04
                                     1.29134E-03 5.65250E-04 2.21054E-03 2.95552E-03 4.18401E-04 1.08811E-03 1.29805E-03 1.39669E-03
                                     1.35762E-03 1.45796E-03 1.44036E-03 1.70742E-03 4.96964E-04 7.07980E-04 1.46798E-03 7.07762E-04
                                     8.34531E-04 1.50812E-03 1.50795E-03 4.81787E-04 6.56523E-04 3.22328E-04 3.26818E-04 6.66172E-04
                                     6.92173E-04 2.72610E-04 4.15576E-04 6.81390E-04 2.90781E-04 4.13396E-04 6.63070E-04 6.22076E-04
                                     6.37349E-04 1.66037E-03 3.49009E-04 2.17582E-03 3.85886E-04 3.05050E-03 3.69443E-03            
                  0.127452  136:172  3.12933E-02 1.70044E-02 6.81800E-03 2.57728E-02 1.86033E-02 5.45081E-03 2.72829E-02 2.31980E-02
                                     4.63985E-03 1.29254E-02 1.98379E-02 3.82154E-02 4.24655E-02 6.05048E-02 2.08861E-02 5.25438E-02
                                     6.21713E-02 2.06719E-02 7.16081E-02 6.31717E-02 2.22138E-02 6.94920E-02 1.43470E-02 4.81606E-02
                                     4.32260E-02 3.74668E-02 3.56133E-02 2.87861E-02 1.86901E-02 1.67044E-02 1.43306E-02 1.15414E-02
                                     8.33513E-03 3.40028E-03 1.38371E-03 8.84636E-04 3.58722E-04                                    
           5     1.86204E+04 TOTAL FLUX                                                                                             
                                                                                                                                    
           6      0.872061    1:135  1.97579E-06 1.08657E-05 1.64230E-05 1.28424E-04 3.80377E-04 1.50486E-03 4.13360E-03 3.90017E-03
                                     5.01471E-03 1.55136E-02 2.03798E-02 2.72733E-02 3.73733E-02 2.07759E-02 1.77722E-02 3.50859E-02
                                     3.65226E-02 1.70108E-02 1.77717E-02 1.38114E-02 1.44441E-02 1.88613E-02 5.70188E-02 1.69153E-02
                                     1.56683E-02 1.25425E-02 9.58430E-03 3.83175E-02 1.20929E-02 1.12745E-02 2.95574E-02 3.27013E-02
                                     7.40964E-03 2.03303E-02 1.24467E-02 1.16798E-02 1.63756E-02 5.22991E-03 1.17763E-02 3.27545E-03
                                     4.85044E-03 1.86508E-02 4.54200E-03 1.33479E-02 8.67668E-03 8.57684E-03 1.26252E-02 4.15390E-03
                                     1.44282E-02 2.04161E-03 1.61267E-02 4.04674E-03 1.19444E-02 2.00211E-03 5.85044E-03 7.74708E-03
                                     3.88208E-03 7.64754E-03 3.78108E-03 1.50464E-02 7.44182E-03 7.49355E-03 1.43331E-02 1.12238E-02
                                     2.95795E-03 1.34527E-02 6.41383E-03 3.70738E-03 6.21098E-03 2.49511E-03 2.18101E-03 1.95983E-03
                                     4.15143E-03 2.08675E-03 1.91365E-03 3.05067E-03 3.20571E-03 3.20130E-03 3.04991E-03 2.80870E-03
                                     5.66899E-03 4.54568E-03 5.75152E-03 3.77869E-03 2.21404E-03 2.55191E-03 2.90871E-03 2.43033E-03
                                     3.39145E-03 1.53603E-03 5.41017E-03 9.16444E-04 4.70800E-03 6.94623E-04 4.88141E-03 5.00260E-04
                                     1.29221E-03 5.65527E-04 2.21221E-03 2.95755E-03 4.18581E-04 1.08930E-03 1.29921E-03 1.39752E-03
                                     1.35877E-03 1.45884E-03 1.44129E-03 1.70864E-03 4.97280E-04 7.08468E-04 1.46906E-03 7.08298E-04
                                     8.35220E-04 1.50943E-03 1.51036E-03 4.82565E-04 6.57707E-04 3.22907E-04 3.27380E-04 6.67338E-04
                                     6.93278E-04 2.73017E-04 4.16198E-04 6.82338E-04 2.91165E-04 4.13934E-04 6.63920E-04 6.22831E-04
                                     6.38123E-04 1.66246E-03 3.49394E-04 2.17848E-03 3.86295E-04 3.05425E-03 3.69908E-03            
                  0.127939  136:172  3.12002E-02 1.69539E-02 6.79834E-03 2.57029E-02 1.85570E-02 5.43786E-03 2.72265E-02 2.31586E-02
                                     4.63295E-03 1.29072E-02 1.98118E-02 3.81672E-02 4.24092E-02 6.04216E-02 2.08570E-02 5.24800E-02
                                     6.21088E-02 2.06539E-02 7.15602E-02 6.31524E-02 2.22120E-02 6.95058E-02 1.43546E-02 4.81999E-02
                                     4.32810E-02 3.75350E-02 3.56990E-02 2.88761E-02 1.87635E-02 1.67845E-02 1.44139E-02 1.16268E-02
                                     8.41784E-03 3.44627E-03 1.40796E-03 9.05131E-04 3.73161E-04                                    
           6     1.86244E+04 TOTAL FLUX                                                                                             
                                                                                                                                    
           7      0.871550    1:135  1.97183E-06 1.08574E-05 1.64074E-05 1.28289E-04 3.79844E-04 1.50258E-03 4.12583E-03 3.89243E-03
                                     5.02022E-03 1.55210E-02 2.03302E-02 2.72590E-02 3.73115E-02 2.07916E-02 1.77455E-02 3.50740E-02
                                     3.64370E-02 1.69857E-02 1.77635E-02 1.37948E-02 1.44240E-02 1.88290E-02 5.69476E-02 1.68861E-02
                                     1.56526E-02 1.25286E-02 9.57806E-03 3.82722E-02 1.20796E-02 1.12618E-02 2.95348E-02 3.26851E-02
                                     7.40734E-03 2.03276E-02 1.24469E-02 1.16813E-02 1.63794E-02 5.23140E-03 1.17805E-02 3.27678E-03
                                     4.85253E-03 1.86602E-02 4.54448E-03 1.33556E-02 8.68211E-03 8.58223E-03 1.26339E-02 4.15692E-03
                                     1.44388E-02 2.04323E-03 1.61409E-02 4.04962E-03 1.19548E-02 2.00350E-03 5.85647E-03 7.75510E-03
                                     3.88585E-03 7.65566E-03 3.78546E-03 1.50640E-02 7.45052E-03 7.50110E-03 1.43554E-02 1.12427E-02
                                     2.96175E-03 1.34847E-02 6.42515E-03 3.71230E-03 6.23106E-03 2.49882E-03 2.18463E-03 1.96233E-03
                                     4.15725E-03 2.09639E-03 1.94459E-03 3.05737E-03 3.21011E-03 3.20538E-03 3.05590E-03 2.85112E-03
                                     5.68267E-03 4.55148E-03 5.76278E-03 3.78285E-03 2.21716E-03 2.56108E-03 2.91286E-03 2.49624E-03
                                     3.40272E-03 1.53874E-03 5.41716E-03 9.16913E-04 4.71320E-03 6.95131E-04 4.88688E-03 5.00651E-04
                                     1.29324E-03 5.65865E-04 2.21412E-03 2.95983E-03 4.18803E-04 1.09060E-03 1.30054E-03 1.39848E-03
                                     1.36007E-03 1.45987E-03 1.44238E-03 1.71005E-03 4.97652E-04 7.09041E-04 1.47031E-03 7.08908E-04
                                     8.36025E-04 1.51087E-03 1.51293E-03 4.83394E-04 6.58968E-04 3.23523E-04 3.27993E-04 6.68592E-04
                                     6.94472E-04 2.73463E-04 4.16851E-04 6.83379E-04 2.91591E-04 4.14529E-04 6.64857E-04 6.23646E-04
                                     6.38962E-04 1.66472E-03 3.49820E-04 2.18143E-03 3.86750E-04 3.05831E-03 3.70422E-03            
                  0.128450  136:172  3.11053E-02 1.69026E-02 6.77833E-03 2.56319E-02 1.85096E-02 5.42472E-03 2.71668E-02 2.31183E-02
                                     4.62578E-03 1.28888E-02 1.97865E-02 3.81186E-02 4.23515E-02 6.03414E-02 2.08307E-02 5.24119E-02
                                     6.20375E-02 2.06334E-02 7.15107E-02 6.31313E-02 2.22115E-02 6.95213E-02 1.43625E-02 4.82392E-02
                                     4.33371E-02 3.76031E-02 3.57871E-02 2.89689E-02 1.88386E-02 1.68659E-02 1.45004E-02 1.17151E-02
                                     8.50262E-03 3.49350E-03 1.43299E-03 9.26357E-04 3.88293E-04                                    
           7     1.86271E+04 TOTAL FLUX                                                                                             
                                                                                                                                    
           8      0.871010    1:135  1.97152E-06 1.08463E-05 1.63871E-05 1.28190E-04 3.79508E-04 1.50073E-03 4.11695E-03 3.89196E-03
                                     5.00864E-03 1.54907E-02 2.03160E-02 2.72159E-02 3.72823E-02 2.07316E-02 1.77252E-02 3.50056E-02
                                     3.64430E-02 1.69671E-02 1.77284E-02 1.37782E-02 1.44033E-02 1.88058E-02 5.68460E-02 1.68741E-02
                                     1.56269E-02 1.25161E-02 9.57272E-03 3.82280E-02 1.20656E-02 1.12513E-02 2.95137E-02 3.26740E-02
                                     7.40580E-03 2.03270E-02 1.24484E-02 1.16840E-02 1.63850E-02 5.23351E-03 1.17861E-02 3.27850E-03
                                     4.85519E-03 1.86719E-02 4.54753E-03 1.33649E-02 8.68860E-03 8.58865E-03 1.26444E-02 4.16046E-03
                                     1.44512E-02 2.04512E-03 1.61568E-02 4.05296E-03 1.19666E-02 2.00512E-03 5.86312E-03 7.76403E-03
                                     3.89011E-03 7.66500E-03 3.79038E-03 1.50835E-02 7.46012E-03 7.50969E-03 1.43797E-02 1.12632E-02
                                     2.96598E-03 1.35188E-02 6.43729E-03 3.71782E-03 6.25239E-03 2.50298E-03 2.18869E-03 1.96507E-03
                                     4.16363E-03 2.10650E-03 1.97673E-03 3.06431E-03 3.21495E-03 3.21006E-03 3.06229E-03 2.89522E-03
                                     5.69750E-03 4.55808E-03 5.77519E-03 3.78749E-03 2.22057E-03 2.57089E-03 2.91742E-03 2.56507E-03
                                     3.41472E-03 1.54169E-03 5.42486E-03 9.17492E-04 4.71894E-03 6.95733E-04 4.89321E-03 5.01098E-04
                                     1.29442E-03 5.66269E-04 2.21628E-03 2.96253E-03 4.19076E-04 1.09207E-03 1.30200E-03 1.39964E-03
                                     1.36158E-03 1.46110E-03 1.44368E-03 1.71169E-03 4.98085E-04 7.09697E-04 1.47175E-03 7.09624E-04
                                     8.36936E-04 1.51256E-03 1.51580E-03 4.84304E-04 6.60327E-04 3.24187E-04 3.28665E-04 6.69959E-04
                                     6.95762E-04 2.73940E-04 4.17587E-04 6.84524E-04 2.92054E-04 4.15187E-04 6.65913E-04 6.24571E-04
                                     6.39893E-04 1.66718E-03 3.50283E-04 2.18460E-03 3.87248E-04 3.06283E-03 3.70997E-03            
                  0.128990  136:172  3.10082E-02 1.68495E-02 6.75760E-03 2.55592E-02 1.84605E-02 5.41121E-03 2.71063E-02 2.30771E-02
                                     4.61847E-03 1.28699E-02 1.97598E-02 3.80695E-02 4.22931E-02 6.02520E-02 2.07995E-02 5.23445E-02
                                     6.19750E-02 2.06158E-02 7.14567E-02 6.31095E-02 2.22098E-02 6.95414E-02 1.43698E-02 4.82792E-02
                                     4.33932E-02 3.76725E-02 3.58763E-02 2.90642E-02 1.89144E-02 1.69481E-02 1.45885E-02 1.18052E-02
                                     8.59017E-03 3.54225E-03 1.45887E-03 9.48409E-04 4.04198E-04                                    
           8     1.86282E+04 TOTAL FLUX                                                                                             
                                                                                                                                    
           9      0.870476    1:135  1.97528E-06 1.08435E-05 1.63839E-05 1.28155E-04 3.79508E-04 1.50111E-03 4.12063E-03 3.89248E-03
                                     5.00189E-03 1.54714E-02 2.03178E-02 2.72005E-02 3.72668E-02 2.07082E-02 1.77165E-02 3.49758E-02
                                     3.63532E-02 1.69435E-02 1.77202E-02 1.37543E-02 1.43852E-02 1.87756E-02 5.67627E-02 1.68359E-02
                                     1.56087E-02 1.24997E-02 9.56527E-03 3.81772E-02 1.20504E-02 1.12374E-02 2.94857E-02 3.26557E-02
                                     7.40309E-03 2.03234E-02 1.24477E-02 1.16848E-02 1.63878E-02 5.23475E-03 1.17897E-02 3.27969E-03
                                     4.85707E-03 1.86807E-02 4.54987E-03 1.33722E-02 8.69381E-03 8.59375E-03 1.26529E-02 4.16339E-03
                                     1.44614E-02 2.04667E-03 1.61709E-02 4.05574E-03 1.19768E-02 2.00644E-03 5.86911E-03 7.77198E-03
                                     3.89383E-03 7.67315E-03 3.79482E-03 1.51010E-02 7.46878E-03 7.51717E-03 1.44024E-02 1.12823E-02
                                     2.96984E-03 1.35515E-02 6.44888E-03 3.72276E-03 6.27325E-03 2.50676E-03 2.19239E-03 1.96757E-03
                                     4.16947E-03 2.11661E-03 2.00961E-03 3.07108E-03 3.21928E-03 3.21426E-03 3.06851E-03 2.94021E-03
                                     5.71155E-03 4.56394E-03 5.78684E-03 3.79167E-03 2.22365E-03 2.58057E-03 2.92158E-03 2.63620E-03
                                     3.42664E-03 1.54440E-03 5.43197E-03 9.17924E-04 4.72406E-03 6.96224E-04 4.89874E-03 5.01482E-04
                                     1.29542E-03 5.66588E-04 2.21820E-03 2.96483E-03 4.19283E-04 1.09339E-03 1.30332E-03 1.40057E-03
                                     1.36288E-03 1.46210E-03 1.44473E-03 1.71307E-03 4.98442E-04 7.10244E-04 1.47296E-03 7.10228E-04
                                     8.37711E-04 1.51400E-03 1.51849E-03 4.85171E-04 6.61609E-04 3.24812E-04 3.29299E-04 6.71234E-04
                                     6.96953E-04 2.74396E-04 4.18245E-04 6.85598E-04 2.92481E-04 4.15783E-04 6.66883E-04 6.25426E-04
                                     6.40760E-04 1.66947E-03 3.50707E-04 2.18756E-03 3.87705E-04 3.06703E-03 3.71522E-03            
                  0.129525  136:172  3.09099E-02 1.67959E-02 6.73640E-03 2.54849E-02 1.84109E-02 5.39745E-03 2.70448E-02 2.30353E-02
                                     4.61097E-03 1.28507E-02 1.97324E-02 3.80179E-02 4.22327E-02 6.01654E-02 2.07707E-02 5.22742E-02
                                     6.19009E-02 2.05950E-02 7.14067E-02 6.30876E-02 2.22076E-02 6.95512E-02 1.43773E-02 4.83207E-02
                                     4.34531E-02 3.77449E-02 3.59681E-02 2.91607E-02 1.89942E-02 1.70342E-02 1.46788E-02 1.18980E-02
                                     8.68000E-03 3.59242E-03 1.48561E-03 9.71278E-04 4.20930E-04                                    
           9     1.86321E+04 TOTAL FLUX                                                                                             
                                                                                                                                    
          10      0.869908    1:135  1.97272E-06 1.08515E-05 1.63998E-05 1.28164E-04 3.79527E-04 1.50103E-03 4.12300E-03 3.88800E-03
                                     5.00201E-03 1.54722E-02 2.02636E-02 2.71576E-02 3.71884E-02 2.07170E-02 1.76793E-02 3.49480E-02
                                     3.63323E-02 1.69213E-02 1.76772E-02 1.37383E-02 1.43626E-02 1.87428E-02 5.66644E-02 1.68224E-02
                                     1.55835E-02 1.24868E-02 9.55868E-03 3.81249E-02 1.20353E-02 1.12260E-02 2.94625E-02 3.26382E-02
                                     7.40088E-03 2.03213E-02 1.24485E-02 1.16869E-02 1.63926E-02 5.23660E-03 1.17949E-02 3.28127E-03
                                     4.85955E-03 1.86917E-02 4.55279E-03 1.33811E-02 8.70013E-03 8.59997E-03 1.26631E-02 4.16686E-03
                                     1.44736E-02 2.04853E-03 1.61869E-02 4.05904E-03 1.19885E-02 2.00803E-03 5.87583E-03 7.78096E-03
                                     3.89810E-03 7.68250E-03 3.79984E-03 1.51206E-02 7.47847E-03 7.52578E-03 1.44276E-02 1.13033E-02
                                     2.97412E-03 1.35867E-02 6.46152E-03 3.72833E-03 6.29543E-03 2.51098E-03 2.19651E-03 1.97033E-03
                                     4.17604E-03 2.12729E-03 2.04393E-03 3.07844E-03 3.22415E-03 3.21890E-03 3.07520E-03 2.98722E-03
                                     5.72678E-03 4.57045E-03 5.79963E-03 3.79634E-03 2.22712E-03 2.59075E-03 2.92620E-03 2.71076E-03
                                     3.43931E-03 1.54751E-03 5.43981E-03 9.18468E-04 4.72989E-03 6.96806E-04 4.90498E-03 5.01927E-04
                                     1.29660E-03 5.66978E-04 2.22038E-03 2.96746E-03 4.19541E-04 1.09488E-03 1.30481E-03 1.40168E-03
                                     1.36437E-03 1.46329E-03 1.44599E-03 1.71467E-03 4.98869E-04 7.10897E-04 1.47437E-03 7.10926E-04
                                     8.38624E-04 1.51566E-03 1.52137E-03 4.86118E-04 6.63022E-04 3.25502E-04 3.29989E-04 6.72641E-04
                                     6.98279E-04 2.74893E-04 4.18987E-04 6.86782E-04 2.92960E-04 4.16450E-04 6.67941E-04 6.26356E-04
                                     6.41718E-04 1.67205E-03 3.51188E-04 2.19089E-03 3.88222E-04 3.07168E-03 3.72101E-03            
                  0.130092  136:172  3.08079E-02 1.67404E-02 6.71461E-03 2.54076E-02 1.83597E-02 5.38325E-03 2.69813E-02 2.29914E-02
                                     4.60328E-03 1.28311E-02 1.97043E-02 3.79649E-02 4.21713E-02 6.00743E-02 2.07399E-02 5.22025E-02
                                     6.18295E-02 2.05742E-02 7.13516E-02 6.30647E-02 2.22054E-02 6.95738E-02 1.43860E-02 4.83610E-02
                                     4.35123E-02 3.78176E-02 3.60616E-02 2.92602E-02 1.90738E-02 1.71219E-02 1.47716E-02 1.19931E-02
                                     8.77228E-03 3.64447E-03 1.51337E-03 9.95121E-04 4.38603E-04                                    
          10     1.86345E+04 TOTAL FLUX                                                                                             
                                                                                                                                    
          11      0.869320    1:135  1.96912E-06 1.08376E-05 1.63673E-05 1.27965E-04 3.78715E-04 1.49745E-03 4.10957E-03 3.87985E-03
                                     5.00199E-03 1.54631E-02 2.02413E-02 2.71187E-02 3.71596E-02 2.06978E-02 1.76623E-02 3.48712E-02
                                     3.62879E-02 1.68956E-02 1.76687E-02 1.37154E-02 1.43372E-02 1.87160E-02 5.65751E-02 1.67799E-02
                                     1.55622E-02 1.24717E-02 9.55178E-03 3.80727E-02 1.20180E-02 1.12117E-02 2.94328E-02 3.26242E-02
                                     7.39914E-03 2.03195E-02 1.24492E-02 1.16891E-02 1.63977E-02 5.23858E-03 1.18003E-02 3.28295E-03
                                     4.86218E-03 1.87034E-02 4.55587E-03 1.33905E-02 8.70681E-03 8.60651E-03 1.26738E-02 4.17047E-03
                                     1.44863E-02 2.05048E-03 1.62037E-02 4.06247E-03 1.20009E-02 2.00968E-03 5.88285E-03 7.79040E-03
                                     3.90255E-03 7.69223E-03 3.80504E-03 1.51412E-02 7.48870E-03 7.53464E-03 1.44533E-02 1.13251E-02
                                     2.97864E-03 1.36232E-02 6.47471E-03 3.73412E-03 6.31840E-03 2.51533E-03 2.20079E-03 1.97325E-03
                                     4.18282E-03 2.13844E-03 2.07961E-03 3.08584E-03 3.22907E-03 3.22374E-03 3.08213E-03 3.03600E-03
                                     5.74261E-03 4.57737E-03 5.81296E-03 3.80128E-03 2.23075E-03 2.60147E-03 2.93107E-03 2.78876E-03
                                     3.45207E-03 1.55061E-03 5.44801E-03 9.19040E-04 4.73595E-03 6.97415E-04 4.91159E-03 5.02387E-04
                                     1.29781E-03 5.67384E-04 2.22262E-03 2.97024E-03 4.19812E-04 1.09644E-03 1.30636E-03 1.40285E-03
                                     1.36592E-03 1.46454E-03 1.44731E-03 1.71635E-03 4.99308E-04 7.11567E-04 1.47585E-03 7.11665E-04
                                     8.39571E-04 1.51742E-03 1.52444E-03 4.87107E-04 6.64501E-04 3.26223E-04 3.30707E-04 6.74113E-04
                                     6.99672E-04 2.75409E-04 4.19762E-04 6.87985E-04 2.93453E-04 4.17145E-04 6.69050E-04 6.27330E-04
                                     6.42706E-04 1.67468E-03 3.51684E-04 2.19432E-03 3.88750E-04 3.07646E-03 3.72706E-03            
                  0.130680  136:172  3.07032E-02 1.66833E-02 6.69240E-03 2.53290E-02 1.83074E-02 5.36873E-03 2.69165E-02 2.29469E-02
                                     4.59535E-03 1.28107E-02 1.96758E-02 3.79120E-02 4.21079E-02 5.99807E-02 2.07081E-02 5.21285E-02
                                     6.17574E-02 2.05534E-02 7.12925E-02 6.30405E-02 2.22041E-02 6.95835E-02 1.43931E-02 4.84044E-02
                                     4.35731E-02 3.78938E-02 3.61595E-02 2.93624E-02 1.91571E-02 1.72122E-02 1.48679E-02 1.20922E-02
                                     8.86842E-03 3.69829E-03 1.54227E-03 1.02001E-03 4.57302E-04                                    
          11     1.86367E+04 TOTAL FLUX                                                                                             
                                                                                                                                    
          12      0.868711    1:135  1.96768E-06 1.08243E-05 1.63510E-05 1.27825E-04 3.78373E-04 1.49579E-03 4.10184E-03 3.87720E-03
                                     4.98809E-03 1.54259E-02 2.02543E-02 2.71018E-02 3.71412E-02 2.06276E-02 1.76503E-02 3.48437E-02
                                     3.62013E-02 1.68747E-02 1.76324E-02 1.36946E-02 1.43192E-02 1.86779E-02 5.64634E-02 1.67705E-02
                                     1.55341E-02 1.24536E-02 9.54445E-03 3.80222E-02 1.20021E-02 1.11972E-02 2.94082E-02 3.26087E-02
                                     7.39654E-03 2.03168E-02 1.24496E-02 1.16911E-02 1.64026E-02 5.24050E-03 1.18056E-02 3.28461E-03
                                     4.86476E-03 1.87150E-02 4.55894E-03 1.34000E-02 8.71347E-03 8.61309E-03 1.26845E-02 4.17414E-03
                                     1.44992E-02 2.05242E-03 1.62207E-02 4.06594E-03 1.20133E-02 2.01135E-03 5.89010E-03 7.79994E-03
                                     3.90706E-03 7.70209E-03 3.81032E-03 1.51622E-02 7.49912E-03 7.54386E-03 1.44802E-02 1.13473E-02
                                     2.98322E-03 1.36605E-02 6.48813E-03 3.74005E-03 6.34211E-03 2.51976E-03 2.20517E-03 1.97622E-03
                                     4.18976E-03 2.14995E-03 2.11679E-03 3.09384E-03 3.23421E-03 3.22868E-03 3.08932E-03 3.08688E-03
                                     5.75887E-03 4.58442E-03 5.82657E-03 3.80628E-03 2.23447E-03 2.61265E-03 2.93604E-03 2.87072E-03
                                     3.46545E-03 1.55370E-03 5.45661E-03 9.19604E-04 4.74226E-03 6.98026E-04 4.91836E-03 5.02854E-04
                                     1.29904E-03 5.67790E-04 2.22492E-03 2.97303E-03 4.20081E-04 1.09804E-03 1.30799E-03 1.40402E-03
                                     1.36750E-03 1.46578E-03 1.44863E-03 1.71805E-03 4.99756E-04 7.12251E-04 1.47737E-03 7.12417E-04
                                     8.40541E-04 1.51919E-03 1.52759E-03 4.88115E-04 6.66016E-04 3.26964E-04 3.31449E-04 6.75639E-04
                                     7.01089E-04 2.75936E-04 4.20554E-04 6.89244E-04 2.93955E-04 4.17855E-04 6.70181E-04 6.28325E-04
                                     6.43713E-04 1.67738E-03 3.52185E-04 2.19778E-03 3.89289E-04 3.08135E-03 3.73324E-03            
                  0.131289  136:172  3.05951E-02 1.66244E-02 6.66936E-03 2.52481E-02 1.82528E-02 5.35354E-03 2.68489E-02 2.29008E-02
                                     4.58721E-03 1.27896E-02 1.96460E-02 3.78557E-02 4.20413E-02 5.98842E-02 2.06751E-02 5.20508E-02
                                     6.16799E-02 2.05319E-02 7.12333E-02 6.30152E-02 2.22011E-02 6.96048E-02 1.44014E-02 4.84477E-02
                                     4.36366E-02 3.79705E-02 3.62581E-02 2.94692E-02 1.92431E-02 1.73051E-02 1.49671E-02 1.21940E-02
                                     8.96792E-03 3.75438E-03 1.57238E-03 1.04610E-03 4.77192E-04                                    
          12     1.86396E+04 TOTAL FLUX                                                                                             
                                                                                                                                    
          13      0.868071    1:135  1.96930E-06 1.08192E-05 1.63410E-05 1.27802E-04 3.78312E-04 1.49607E-03 4.10502E-03 3.87801E-03
                                     4.98127E-03 1.54088E-02 2.01954E-02 2.70610E-02 3.70602E-02 2.06122E-02 1.76112E-02 3.48086E-02
                                     3.61895E-02 1.68413E-02 1.76012E-02 1.36709E-02 1.42873E-02 1.86502E-02 5.63742E-02 1.67240E-02
                                     1.55143E-02 1.24398E-02 9.53704E-03 3.79647E-02 1.19856E-02 1.11854E-02 2.93814E-02 3.25891E-02
                                     7.39392E-03 2.03149E-02 1.24507E-02 1.16938E-02 1.64082E-02 5.24267E-03 1.18115E-02 3.28644E-03
                                     4.86763E-03 1.87278E-02 4.56229E-03 1.34102E-02 8.72070E-03 8.62023E-03 1.26961E-02 4.17814E-03
                                     1.45131E-02 2.05454E-03 1.62391E-02 4.06972E-03 1.20268E-02 2.01315E-03 5.89779E-03 7.81024E-03
                                     3.91189E-03 7.71275E-03 3.81600E-03 1.51846E-02 7.51024E-03 7.55357E-03 1.45084E-02 1.13708E-02
                                     2.98812E-03 1.36999E-02 6.50239E-03 3.74636E-03 6.36702E-03 2.52446E-03 2.20982E-03 1.97937E-03
                                     4.19719E-03 2.16211E-03 2.15580E-03 3.10183E-03 3.23969E-03 3.23395E-03 3.09691E-03 3.14018E-03
                                     5.77596E-03 4.59189E-03 5.84103E-03 3.81152E-03 2.23846E-03 2.62425E-03 2.94129E-03 2.95730E-03
                                     3.47944E-03 1.55712E-03 5.46548E-03 9.20222E-04 4.74889E-03 6.98705E-04 4.92559E-03 5.03369E-04
                                     1.30040E-03 5.68238E-04 2.22746E-03 2.97612E-03 4.20376E-04 1.09972E-03 1.30968E-03 1.40532E-03
                                     1.36926E-03 1.46717E-03 1.45009E-03 1.71993E-03 5.00249E-04 7.13006E-04 1.47901E-03 7.13227E-04
                                     8.41578E-04 1.52107E-03 1.53092E-03 4.89188E-04 6.67619E-04 3.27746E-04 3.32236E-04 6.77234E-04
                                     7.02610E-04 2.76505E-04 4.21394E-04 6.90586E-04 2.94495E-04 4.18604E-04 6.71389E-04 6.29380E-04
                                     6.44789E-04 1.68025E-03 3.52721E-04 2.20147E-03 3.89864E-04 3.08657E-03 3.73978E-03            
                  0.131929  136:172  3.04835E-02 1.65637E-02 6.64559E-03 2.51642E-02 1.81964E-02 5.33786E-03 2.67789E-02 2.28533E-02
                                     4.57875E-03 1.27677E-02 1.96149E-02 3.77976E-02 4.19730E-02 5.97838E-02 2.06411E-02 5.19708E-02
                                     6.15994E-02 2.05089E-02 7.11747E-02 6.29880E-02 2.21990E-02 6.96212E-02 1.44106E-02 4.84915E-02
                                     4.37014E-02 3.80505E-02 3.63616E-02 2.95778E-02 1.93320E-02 1.74022E-02 1.50700E-02 1.22998E-02
                                     9.07118E-03 3.81299E-03 1.60399E-03 1.07356E-03 4.98412E-04                                    
          13     1.86420E+04 TOTAL FLUX                                                                                             
                                                                                                                                    
          14      0.867392    1:135  1.97217E-06 1.08236E-05 1.63512E-05 1.27789E-04 3.78327E-04 1.49591E-03 4.10665E-03 3.87637E-03
                                     4.97937E-03 1.54057E-02 2.01509E-02 2.70028E-02 3.70041E-02 2.06153E-02 1.75839E-02 3.47177E-02
                                     3.61198E-02 1.68192E-02 1.75894E-02 1.36476E-02 1.42694E-02 1.86077E-02 5.62413E-02 1.67030E-02
                                     1.54809E-02 1.24211E-02 9.52961E-03 3.79044E-02 1.19658E-02 1.11682E-02 2.93482E-02 3.25731E-02
                                     7.39229E-03 2.03145E-02 1.24525E-02 1.16973E-02 1.64151E-02 5.24526E-03 1.18184E-02 3.28857E-03
                                     4.87094E-03 1.87424E-02 4.56610E-03 1.34219E-02 8.72887E-03 8.62825E-03 1.27092E-02 4.18256E-03
                                     1.45286E-02 2.05688E-03 1.62594E-02 4.07392E-03 1.20417E-02 2.01517E-03 5.90624E-03 7.82153E-03
                                     3.91721E-03 7.72439E-03 3.82218E-03 1.52091E-02 7.52236E-03 7.56424E-03 1.45393E-02 1.13962E-02
                                     2.99339E-03 1.37419E-02 6.51782E-03 3.75315E-03 6.39353E-03 2.52956E-03 2.21478E-03 1.98279E-03
                                     4.20519E-03 2.17497E-03 2.19705E-03 3.11042E-03 3.24542E-03 3.23970E-03 3.10508E-03 3.19653E-03
                                     5.79403E-03 4.59982E-03 5.85661E-03 3.81738E-03 2.24274E-03 2.63686E-03 2.94693E-03 3.04933E-03
                                     3.49468E-03 1.56077E-03 5.47495E-03 9.20925E-04 4.75601E-03 6.99434E-04 4.93326E-03 5.03926E-04
                                     1.30187E-03 5.68736E-04 2.23019E-03 2.97946E-03 4.20710E-04 1.10156E-03 1.31152E-03 1.40672E-03
                                     1.37110E-03 1.46867E-03 1.45167E-03 1.72195E-03 5.00784E-04 7.13818E-04 1.48077E-03 7.14098E-04
                                     8.42698E-04 1.52313E-03 1.53459E-03 4.90344E-04 6.69341E-04 3.28587E-04 3.33081E-04 6.78946E-04
                                     7.04233E-04 2.77125E-04 4.22320E-04 6.92052E-04 2.95087E-04 4.19437E-04 6.72701E-04 6.30541E-04
                                     6.45970E-04 1.68338E-03 3.53308E-04 2.20554E-03 3.90496E-04 3.09229E-03 3.74699E-03            
                  0.132608  136:172  3.03684E-02 1.65008E-02 6.62078E-03 2.50762E-02 1.81379E-02 5.32164E-03 2.67060E-02 2.28037E-02
                                     4.56992E-03 1.27451E-02 1.95831E-02 3.77378E-02 4.19018E-02 5.96786E-02 2.06054E-02 5.18875E-02
                                     6.15163E-02 2.04847E-02 7.11089E-02 6.29594E-02 2.21956E-02 6.96383E-02 1.44187E-02 4.85382E-02
                                     4.37673E-02 3.81349E-02 3.64687E-02 2.96926E-02 1.94240E-02 1.75038E-02 1.51776E-02 1.24107E-02
                                     9.17983E-03 3.87443E-03 1.63721E-03 1.10261E-03 5.21201E-04                                    
          14     1.86436E+04 TOTAL FLUX                                                                                             
                                                                                                                                    
          15      0.866700    1:135  1.96761E-06 1.08212E-05 1.63456E-05 1.27670E-04 3.77899E-04 1.49398E-03 4.10114E-03 3.86852E-03
                                     4.98327E-03 1.53994E-02 2.01466E-02 2.69692E-02 3.69731E-02 2.06043E-02 1.75590E-02 3.46657E-02
                                     3.60198E-02 1.67854E-02 1.75338E-02 1.36194E-02 1.42315E-02 1.85752E-02 5.61515E-02 1.66731E-02
                                     1.54609E-02 1.24012E-02 9.51990E-03 3.78413E-02 1.19474E-02 1.11523E-02 2.93180E-02 3.25537E-02
                                     7.38901E-03 2.03092E-02 1.24516E-02 1.16982E-02 1.64190E-02 5.24692E-03 1.18234E-02 3.29017E-03
                                     4.87347E-03 1.87540E-02 4.56920E-03 1.34314E-02 8.73570E-03 8.63499E-03 1.27204E-02 4.18639E-03
                                     1.45421E-02 2.05895E-03 1.62775E-02 4.07754E-03 1.20549E-02 2.01690E-03 5.91398E-03 7.83182E-03
                                     3.92203E-03 7.73513E-03 3.82797E-03 1.52319E-02 7.53358E-03 7.57400E-03 1.45683E-02 1.14205E-02
                                     2.99836E-03 1.37834E-02 6.53277E-03 3.75962E-03 6.42016E-03 2.53443E-03 2.21963E-03 1.98600E-03
                                     4.21282E-03 2.18824E-03 2.24032E-03 3.11900E-03 3.25081E-03 3.24518E-03 3.11313E-03 3.25562E-03
                                     5.81193E-03 4.60747E-03 5.87190E-03 3.82283E-03 2.24677E-03 2.64956E-03 2.95226E-03 3.14719E-03
                                     3.50963E-03 1.56410E-03 5.48423E-03 9.21477E-04 4.76280E-03 7.00067E-04 4.94058E-03 5.04410E-04
                                     1.30314E-03 5.69146E-04 2.23259E-03 2.98238E-03 4.20976E-04 1.10335E-03 1.31325E-03 1.40793E-03
                                     1.37278E-03 1.46996E-03 1.45306E-03 1.72373E-03 5.01245E-04 7.14528E-04 1.48236E-03 7.14895E-04
                                     8.43740E-04 1.52508E-03 1.53805E-03 4.91465E-04 6.71019E-04 3.29404E-04 3.33904E-04 6.80614E-04
                                     7.05804E-04 2.77707E-04 4.23196E-04 6.93433E-04 2.95651E-04 4.20224E-04 6.73974E-04 6.31646E-04
                                     6.47101E-04 1.68643E-03 3.53870E-04 2.20947E-03 3.91098E-04 3.09779E-03 3.75391E-03            
                  0.133300  136:172  3.02467E-02 1.64344E-02 6.59477E-03 2.49843E-02 1.80765E-02 5.30464E-03 2.66303E-02 2.27517E-02
                                     4.56074E-03 1.27214E-02 1.95493E-02 3.76743E-02 4.18270E-02 5.95695E-02 2.05682E-02 5.17997E-02
                                     6.14277E-02 2.04597E-02 7.10425E-02 6.29307E-02 2.21927E-02 6.96523E-02 1.44279E-02 4.85882E-02
                                     4.38398E-02 3.82204E-02 3.65810E-02 2.98104E-02 1.95214E-02 1.76087E-02 1.52906E-02 1.25271E-02
                                     9.29404E-03 3.93938E-03 1.67244E-03 1.13353E-03 5.45831E-04                                    
          15     1.86485E+04 TOTAL FLUX                                                                                             
                                                                                                                                    
          16      0.865942    1:135  1.96365E-06 1.07982E-05 1.63018E-05 1.27363E-04 3.76742E-04 1.48842E-03 4.08382E-03 3.85755E-03
                                     4.96478E-03 1.53530E-02 2.01374E-02 2.69511E-02 3.69384E-02 2.05224E-02 1.75472E-02 3.46440E-02
                                     3.60046E-02 1.67485E-02 1.75065E-02 1.35919E-02 1.42111E-02 1.85251E-02 5.59849E-02 1.66211E-02
                                     1.54179E-02 1.23833E-02 9.51117E-03 3.77707E-02 1.19262E-02 1.11360E-02 2.92825E-02 3.25294E-02
                                     7.38575E-03 2.03071E-02 1.24529E-02 1.17016E-02 1.64262E-02 5.24966E-03 1.18307E-02 3.29243E-03
                                     4.87698E-03 1.87695E-02 4.57327E-03 1.34439E-02 8.74447E-03 8.64364E-03 1.27346E-02 4.19116E-03
                                     1.45589E-02 2.06151E-03 1.62996E-02 4.08207E-03 1.20711E-02 2.01909E-03 5.92325E-03 7.84416E-03
                                     3.92783E-03 7.74788E-03 3.83485E-03 1.52586E-02 7.54682E-03 7.58567E-03 1.46023E-02 1.14485E-02
                                     3.00419E-03 1.38298E-02 6.54977E-03 3.76719E-03 6.44964E-03 2.54006E-03 2.22520E-03 1.98975E-03
                                     4.22168E-03 2.20275E-03 2.28704E-03 3.12864E-03 3.25728E-03 3.25134E-03 3.12222E-03 3.31941E-03
                                     5.83193E-03 4.61657E-03 5.88919E-03 3.82913E-03 2.25147E-03 2.66372E-03 2.95846E-03 3.25332E-03
                                     3.52569E-03 1.56819E-03 5.49498E-03 9.22219E-04 4.77088E-03 7.00884E-04 4.94946E-03 5.05031E-04
                                     1.30479E-03 5.69687E-04 2.23568E-03 2.98614E-03 4.21332E-04 1.10537E-03 1.31533E-03 1.40950E-03
                                     1.37491E-03 1.47164E-03 1.45483E-03 1.72601E-03 5.01844E-04 7.15446E-04 1.48437E-03 7.15886E-04
                                     8.45002E-04 1.52735E-03 1.54201E-03 4.92736E-04 6.72933E-04 3.30337E-04 3.34832E-04 6.82513E-04
                                     7.07587E-04 2.78371E-04 4.24183E-04 6.94993E-04 2.96281E-04 4.21115E-04 6.75387E-04 6.32898E-04
                                     6.48366E-04 1.68980E-03 3.54503E-04 2.21384E-03 3.91773E-04 3.10392E-03 3.76160E-03            
                  0.134058  136:172  3.01177E-02 1.63642E-02 6.56731E-03 2.48875E-02 1.80119E-02 5.28682E-03 2.65515E-02 2.26969E-02
                                     4.55106E-03 1.26965E-02 1.95142E-02 3.76084E-02 4.17486E-02 5.94531E-02 2.05286E-02 5.17073E-02
                                     6.13346E-02 2.04333E-02 7.09695E-02 6.28996E-02 2.21897E-02 6.96703E-02 1.44372E-02 4.86374E-02
                                     4.39130E-02 3.83126E-02 3.66980E-02 2.99372E-02 1.96232E-02 1.77200E-02 1.54096E-02 1.26507E-02
                                     9.41478E-03 4.00850E-03 1.71009E-03 1.16677E-03 5.72731E-04                                    
          16     1.86509E+04 TOTAL FLUX                                                                                             
                                                                                                                                    
          17      0.865106    1:135  1.96177E-06 1.07868E-05 1.62863E-05 1.27258E-04 3.76527E-04 1.48806E-03 4.07773E-03 3.85381E-03
                                     4.95453E-03 1.53227E-02 2.00606E-02 2.68632E-02 3.68202E-02 2.04686E-02 1.74844E-02 3.45374E-02
                                     3.59354E-02 1.67293E-02 1.74923E-02 1.35608E-02 1.41699E-02 1.84900E-02 5.58906E-02 1.66093E-02
                                     1.53981E-02 1.23611E-02 9.50213E-03 3.77075E-02 1.19060E-02 1.11182E-02 2.92541E-02 3.25170E-02
                                     7.38500E-03 2.03097E-02 1.24570E-02 1.17074E-02 1.64367E-02 5.25349E-03 1.18407E-02 3.29543E-03
                                     4.88161E-03 1.87896E-02 4.57850E-03 1.34598E-02 8.75555E-03 8.65456E-03 1.27520E-02 4.19709E-03
                                     1.45795E-02 2.06461E-03 1.63262E-02 4.08766E-03 1.20906E-02 2.02180E-03 5.93423E-03 7.85878E-03
                                     3.93473E-03 7.76295E-03 3.84283E-03 1.52902E-02 7.56279E-03 7.59959E-03 1.46416E-02 1.14803E-02
                                     3.01112E-03 1.38821E-02 6.56967E-03 3.77597E-03 6.48245E-03 2.54654E-03 2.23157E-03 1.99419E-03
                                     4.23191E-03 2.21883E-03 2.33816E-03 3.13907E-03 3.26439E-03 3.25864E-03 3.13251E-03 3.38919E-03
                                     5.85503E-03 4.62655E-03 5.90888E-03 3.83651E-03 2.25700E-03 2.67934E-03 2.96582E-03 3.37008E-03
                                     3.54379E-03 1.57260E-03 5.50701E-03 9.23171E-04 4.77999E-03 7.01842E-04 4.95926E-03 5.05760E-04
                                     1.30671E-03 5.70355E-04 2.23922E-03 2.99050E-03 4.21784E-04 1.10772E-03 1.31770E-03 1.41136E-03
                                     1.37729E-03 1.47362E-03 1.45691E-03 1.72864E-03 5.02549E-04 7.16510E-04 1.48667E-03 7.17020E-04
                                     8.46448E-04 1.53000E-03 1.54658E-03 4.94233E-04 6.75171E-04 3.31430E-04 3.35929E-04 6.84739E-04
                                     7.09669E-04 2.79149E-04 4.25343E-04 6.96833E-04 2.97022E-04 4.22149E-04 6.77053E-04 6.34353E-04
                                     6.49856E-04 1.69375E-03 3.55243E-04 2.21893E-03 3.92575E-04 3.11115E-03 3.77070E-03            
                  0.134894  136:172  2.99814E-02 1.62899E-02 6.53827E-03 2.47858E-02 1.79443E-02 5.26789E-03 2.64655E-02 2.26383E-02
                                     4.54064E-03 1.26698E-02 1.94763E-02 3.75367E-02 4.16642E-02 5.93286E-02 2.04863E-02 5.16077E-02
                                     6.12349E-02 2.04043E-02 7.08922E-02 6.28643E-02 2.21857E-02 6.96875E-02 1.44466E-02 4.86907E-02
                                     4.39916E-02 3.84109E-02 3.68246E-02 3.00696E-02 1.97328E-02 1.78404E-02 1.55359E-02 1.27823E-02
                                     9.54467E-03 4.08290E-03 1.75085E-03 1.20288E-03 6.02494E-04                                    
          17     1.86509E+04 TOTAL FLUX                                                                                             
                                                                                                                                    
          18      0.864199    1:135  1.96153E-06 1.07802E-05 1.62741E-05 1.27202E-04 3.76400E-04 1.48763E-03 4.08002E-03 3.85373E-03
                                     4.94745E-03 1.53062E-02 2.00080E-02 2.68061E-02 3.67535E-02 2.04592E-02 1.74512E-02 3.44461E-02
                                     3.57958E-02 1.66753E-02 1.74197E-02 1.35345E-02 1.41474E-02 1.84444E-02 5.57357E-02 1.65528E-02
                                     1.53608E-02 1.23429E-02 9.49265E-03 3.76321E-02 1.18854E-02 1.11033E-02 2.92199E-02 3.24967E-02
                                     7.38232E-03 2.03084E-02 1.24595E-02 1.17120E-02 1.64464E-02 5.25716E-03 1.18504E-02 3.29844E-03
                                     4.88629E-03 1.88100E-02 4.58383E-03 1.34761E-02 8.76691E-03 8.66570E-03 1.27700E-02 4.20325E-03
                                     1.46009E-02 2.06785E-03 1.63540E-02 4.09345E-03 1.21110E-02 2.02458E-03 5.94584E-03 7.87418E-03
                                     3.94199E-03 7.77881E-03 3.85129E-03 1.53236E-02 7.57925E-03 7.61422E-03 1.46830E-02 1.15144E-02
                                     3.01828E-03 1.39383E-02 6.59034E-03 3.78521E-03 6.51795E-03 2.55335E-03 2.23828E-03 1.99880E-03
                                     4.24280E-03 2.23640E-03 2.39463E-03 3.15090E-03 3.27220E-03 3.26665E-03 3.14365E-03 3.46623E-03
                                     5.87892E-03 4.63774E-03 5.92999E-03 3.84467E-03 2.26295E-03 2.69638E-03 2.97351E-03 3.50051E-03
                                     3.56440E-03 1.57730E-03 5.52049E-03 9.24134E-04 4.79024E-03 7.02863E-04 4.97022E-03 5.06533E-04
                                     1.30876E-03 5.71047E-04 2.24302E-03 2.99517E-03 4.22245E-04 1.11036E-03 1.32033E-03 1.41333E-03
                                     1.37991E-03 1.47573E-03 1.45912E-03 1.73147E-03 5.03296E-04 7.17649E-04 1.48918E-03 7.18258E-04
                                     8.48047E-04 1.53293E-03 1.55168E-03 4.95812E-04 6.77510E-04 3.32572E-04 3.37075E-04 6.87095E-04
                                     7.11917E-04 2.79997E-04 4.26616E-04 6.98865E-04 2.97841E-04 4.23305E-04 6.78893E-04 6.35974E-04
                                     6.51500E-04 1.69817E-03 3.56070E-04 2.22466E-03 3.93460E-04 3.11913E-03 3.78073E-03            
                  0.135801  136:172  2.98365E-02 1.62104E-02 6.50703E-03 2.46747E-02 1.78690E-02 5.24710E-03 2.63723E-02 2.25747E-02
                                     4.52944E-03 1.26407E-02 1.94353E-02 3.74600E-02 4.15724E-02 5.91929E-02 2.04399E-02 5.14993E-02
                                     6.11255E-02 2.03730E-02 7.08069E-02 6.28266E-02 2.21814E-02 6.97069E-02 1.44571E-02 4.87472E-02
                                     4.40748E-02 3.85151E-02 3.69610E-02 3.02170E-02 1.98499E-02 1.79680E-02 1.56756E-02 1.29260E-02
                                     9.68667E-03 4.16468E-03 1.79572E-03 1.24298E-03 6.36113E-04                                    
          18     1.86521E+04 TOTAL FLUX                                                                                             
                                                                                                                                    
          19      0.863205    1:135  1.96452E-06 1.07769E-05 1.62742E-05 1.27150E-04 3.76256E-04 1.48708E-03 4.07964E-03 3.85224E-03
                                     4.94320E-03 1.52938E-02 1.99907E-02 2.67639E-02 3.67061E-02 2.04482E-02 1.74191E-02 3.43852E-02
                                     3.57439E-02 1.66296E-02 1.73789E-02 1.34819E-02 1.40879E-02 1.83753E-02 5.55300E-02 1.64983E-02
                                     1.53088E-02 1.23081E-02 9.47957E-03 3.75310E-02 1.18515E-02 1.10730E-02 2.91650E-02 3.24628E-02
                                     7.37771E-03 2.03034E-02 1.24596E-02 1.17150E-02 1.64537E-02 5.26007E-03 1.18586E-02 3.30102E-03
                                     4.89032E-03 1.88282E-02 4.58863E-03 1.34908E-02 8.77739E-03 8.67602E-03 1.27870E-02 4.20905E-03
                                     1.46213E-02 2.07098E-03 1.63813E-02 4.09894E-03 1.21310E-02 2.02720E-03 5.95740E-03 7.88959E-03
                                     3.94920E-03 7.79470E-03 3.85981E-03 1.53573E-02 7.59590E-03 7.62877E-03 1.47262E-02 1.15500E-02
                                     3.02554E-03 1.39982E-02 6.61203E-03 3.79463E-03 6.55672E-03 2.56032E-03 2.24528E-03 2.00347E-03
                                     4.25402E-03 2.25590E-03 2.45901E-03 3.16279E-03 3.27993E-03 3.27436E-03 3.15544E-03 3.55387E-03
                                     5.90418E-03 4.64882E-03 5.95241E-03 3.85244E-03 2.26881E-03 2.71520E-03 2.98122E-03 3.65159E-03
                                     3.58479E-03 1.58237E-03 5.53382E-03 9.24976E-04 4.80019E-03 7.03830E-04 4.98105E-03 5.07277E-04
                                     1.31073E-03 5.71679E-04 2.24677E-03 2.99969E-03 4.22653E-04 1.11291E-03 1.32288E-03 1.41518E-03
                                     1.38249E-03 1.47772E-03 1.46126E-03 1.73423E-03 5.04012E-04 7.18748E-04 1.49158E-03 7.19454E-04
                                     8.49578E-04 1.53571E-03 1.55671E-03 4.97439E-04 6.79962E-04 3.33766E-04 3.38270E-04 6.89516E-04
                                     7.14175E-04 2.80838E-04 4.27871E-04 7.00839E-04 2.98639E-04 4.24422E-04 6.80680E-04 6.37543E-04
                                     6.53100E-04 1.70244E-03 3.56862E-04 2.23018E-03 3.94304E-04 3.12691E-03 3.79046E-03            
                  0.136795  136:172  2.96700E-02 1.61196E-02 6.47140E-03 2.45491E-02 1.77852E-02 5.22373E-03 2.62680E-02 2.25039E-02
                                     4.51685E-03 1.26085E-02 1.93898E-02 3.73739E-02 4.14698E-02 5.90413E-02 2.03883E-02 5.13781E-02
                                     6.10031E-02 2.03379E-02 7.07123E-02 6.27830E-02 2.21764E-02 6.97277E-02 1.44688E-02 4.88097E-02
                                     4.41682E-02 3.86310E-02 3.71124E-02 3.03788E-02 1.99843E-02 1.81156E-02 1.58307E-02 1.30870E-02
                                     9.84695E-03 4.25737E-03 1.84681E-03 1.28892E-03 6.75557E-04                                    
          19     1.86576E+04 TOTAL FLUX                                                                                             
                                                                                                                                    
          20      0.862078    1:135  1.96568E-06 1.07863E-05 1.62815E-05 1.27058E-04 3.75986E-04 1.48570E-03 4.07709E-03 3.84867E-03
                                     4.94530E-03 1.52800E-02 1.99755E-02 2.67149E-02 3.66481E-02 2.04235E-02 1.73930E-02 3.43296E-02
                                     3.56764E-02 1.65883E-02 1.73472E-02 1.34419E-02 1.40461E-02 1.83179E-02 5.53715E-02 1.64645E-02
                                     1.52731E-02 1.22741E-02 9.45658E-03 3.74078E-02 1.18172E-02 1.10454E-02 2.90997E-02 3.24132E-02
                                     7.36860E-03 2.02849E-02 1.24522E-02 1.17109E-02 1.64514E-02 5.26005E-03 1.18605E-02 3.30187E-03
                                     4.89185E-03 1.88373E-02 4.59132E-03 1.34996E-02 8.78408E-03 8.68259E-03 1.27990E-02 4.21316E-03
                                     1.46361E-02 2.07336E-03 1.64032E-02 4.10279E-03 1.21470E-02 2.02898E-03 5.96744E-03 7.90288E-03
                                     3.95522E-03 7.80874E-03 3.86754E-03 1.53879E-02 7.61071E-03 7.64123E-03 1.47687E-02 1.15855E-02
                                     3.03231E-03 1.40624E-02 6.63369E-03 3.80347E-03 6.59990E-03 2.56703E-03 2.25225E-03 2.00773E-03
                                     4.26473E-03 2.27863E-03 2.53917E-03 3.17433E-03 3.28648E-03 3.28147E-03 3.16764E-03 3.66263E-03
                                     5.93060E-03 4.65845E-03 5.97561E-03 3.85908E-03 2.27443E-03 2.73641E-03 2.98853E-03 3.84378E-03
                                     3.60684E-03 1.58670E-03 5.54533E-03 9.25346E-04 4.80843E-03 7.04465E-04 4.99021E-03 5.07783E-04
                                     1.31210E-03 5.72029E-04 2.24948E-03 3.00282E-03 4.22850E-04 1.11519E-03 1.32495E-03 1.41637E-03
                                     1.38450E-03 1.47903E-03 1.46272E-03 1.73621E-03 5.04495E-04 7.19527E-04 1.49336E-03 7.20350E-04
                                     8.50807E-04 1.53796E-03 1.56176E-03 4.99070E-04 6.82474E-04 3.34987E-04 3.39488E-04 6.91994E-04
                                     7.16443E-04 2.81668E-04 4.29098E-04 7.02767E-04 2.99402E-04 4.25483E-04 6.82384E-04 6.38996E-04
                                     6.54577E-04 1.70640E-03 3.57561E-04 2.23526E-03 3.95050E-04 3.13412E-03 3.79967E-03            
                  0.137922  136:172  2.94698E-02 1.60105E-02 6.42868E-03 2.43985E-02 1.76842E-02 5.19567E-03 2.61430E-02 2.24187E-02
                                     4.50173E-03 1.25698E-02 1.93348E-02 3.72703E-02 4.13469E-02 5.88591E-02 2.03263E-02 5.12314E-02
                                     6.08557E-02 2.02953E-02 7.05964E-02 6.27308E-02 2.21699E-02 6.97512E-02 1.44822E-02 4.88854E-02
                                     4.42790E-02 3.87700E-02 3.72915E-02 3.05708E-02 2.01416E-02 1.82883E-02 1.60183E-02 1.32843E-02
                                     1.00439E-02 4.37164E-03 1.91055E-03 1.34679E-03 7.26723E-04                                    
          20     1.86756E+04 TOTAL FLUX                                                                                             
                                                                                                                                    
          21      0.853025    1:135  1.94563E-06 1.06707E-05 1.60881E-05 1.25454E-04 3.70685E-04 1.46274E-03 4.00732E-03 3.78602E-03
                                     4.85499E-03 1.50142E-02 1.95636E-02 2.61746E-02 3.59638E-02 2.00178E-02 1.70261E-02 3.35924E-02
                                     3.49219E-02 1.62400E-02 1.69735E-02 1.31508E-02 1.37416E-02 1.79083E-02 5.41070E-02 1.61090E-02
                                     1.49731E-02 1.20959E-02 9.39085E-03 3.68186E-02 1.16388E-02 1.09006E-02 2.88381E-02 3.22995E-02
                                     7.36284E-03 2.03224E-02 1.25010E-02 1.17769E-02 1.65692E-02 5.30224E-03 1.19680E-02 3.33408E-03
                                     4.94131E-03 1.90481E-02 4.64567E-03 1.36642E-02 8.89805E-03 8.79472E-03 1.29776E-02 4.27383E-03
                                     1.48465E-02 2.10458E-03 1.66691E-02 4.15953E-03 1.23405E-02 2.05667E-03 6.07663E-03 8.04755E-03
                                     4.02089E-03 7.95895E-03 3.94729E-03 1.56978E-02 7.76762E-03 7.77785E-03 1.51357E-02 1.18567E-02
                                     3.10013E-03 1.44803E-02 6.82654E-03 3.89023E-03 6.85993E-03 2.63001E-03 2.31448E-03 2.05119E-03
                                     4.36532E-03 2.41140E-03 2.85365E-03 3.27898E-03 3.35796E-03 3.35504E-03 3.26869E-03 4.11224E-03
                                     6.14682E-03 4.76272E-03 6.16656E-03 3.93500E-03 2.32947E-03 2.88311E-03 3.05989E-03 4.58121E-03
                                     3.78152E-03 1.63070E-03 5.66994E-03 9.35192E-04 4.90543E-03 7.14589E-04 5.09499E-03 5.15462E-04
                                     1.33243E-03 5.79044E-04 2.28718E-03 3.04934E-03 4.27561E-04 1.14003E-03 1.35022E-03 1.43611E-03
                                     1.41014E-03 1.50012E-03 1.48488E-03 1.76434E-03 5.11980E-04 7.30866E-04 1.51803E-03 7.32511E-04
                                     8.66285E-04 1.56606E-03 1.60896E-03 5.14020E-04 7.04715E-04 3.45833E-04 3.50376E-04 7.14220E-04
                                     7.37509E-04 2.89592E-04 4.40957E-04 7.21633E-04 3.07051E-04 4.36235E-04 6.99598E-04 6.54176E-04
                                     6.70057E-04 1.74778E-03 3.65334E-04 2.28889E-03 4.03416E-04 3.20956E-03 3.89429E-03            
                  0.146975  136:172  2.81087E-02 1.52673E-02 6.13659E-03 2.33599E-02 1.69823E-02 4.99927E-03 2.52493E-02 2.17834E-02
                                     4.38620E-03 1.22672E-02 1.88992E-02 3.64539E-02 4.04070E-02 5.75074E-02 1.98698E-02 5.01582E-02
                                     5.97682E-02 1.99798E-02 6.97235E-02 6.23022E-02 2.21041E-02 6.98511E-02 1.45666E-02 4.93815E-02
                                     4.50482E-02 3.97552E-02 3.85976E-02 3.19955E-02 2.13228E-02 1.96004E-02 1.74412E-02 1.47779E-02
                                     1.15303E-02 5.22620E-03 2.37653E-03 1.75741E-03 1.05832E-03                                    
          21     1.86809E+04 TOTAL FLUX                                                                                             
                                                                                                                                    
        REACTOR   SPECTRUM  GROUPS                                                                                                  
                  0.858370    1:135  1.95399E-06 1.07254E-05 1.61816E-05 1.26293E-04 3.73408E-04 1.47454E-03 4.04215E-03 3.81825E-03
           1      0.874419    1:135  4.90172E-03 1.51589E-02 1.97913E-02 2.64894E-02 3.63606E-02 2.02368E-02 1.72371E-02 3.40208E-02
                                     3.53702E-02 1.64572E-02 1.72012E-02 1.33376E-02 1.39394E-02 1.81753E-02 5.49251E-02 1.63349E-02
                                     1.51684E-02 1.22204E-02 9.44419E-03 3.72358E-02 1.17652E-02 1.10042E-02 2.90368E-02 3.24078E-02
                                     7.37494E-03 2.03218E-02 1.24840E-02 1.17480E-02 1.65125E-02 5.28118E-03 1.19125E-02 3.31715E-03
                                     4.91511E-03 1.89339E-02 4.61591E-03 1.35735E-02 8.83465E-03 8.73233E-03 1.28769E-02 4.23956E-03
                                     1.47271E-02 2.08664E-03 1.65148E-02 4.12734E-03 1.22278E-02 2.04108E-03 6.01236E-03 7.96223E-03
                                     3.98161E-03 7.87045E-03 3.90008E-03 1.55131E-02 7.67506E-03 7.69715E-03 1.49092E-02 1.16800E-02
                                     3.05979E-03 1.41952E-02 6.70969E-03 3.83839E-03 6.68002E-03 2.59187E-03 2.27671E-03 2.02530E-03
                                     4.30473E-03 2.32092E-03 2.59775E-03 3.21467E-03 3.31501E-03 3.31142E-03 3.20679E-03 3.75618E-03
                                     6.01227E-03 4.70113E-03 6.04920E-03 3.89058E-03 2.29671E-03 2.78977E-03 3.01708E-03 3.99171E-03
                                     3.67185E-03 1.60400E-03 5.59622E-03 9.29825E-04 4.84920E-03 7.08888E-04 5.03414E-03 5.11122E-04
                                     1.32095E-03 5.75174E-04 2.26576E-03 3.02310E-03 4.24988E-04 1.12557E-03 1.33567E-03 1.42507E-03
                                     1.39547E-03 1.48832E-03 1.47242E-03 1.74842E-03 5.07777E-04 7.24465E-04 1.50404E-03 7.25595E-04
                                     8.57421E-04 1.54991E-03 1.58092E-03 5.05086E-04 6.91368E-04 3.39325E-04 3.43848E-04 7.00908E-04
                                     7.24947E-04 2.84883E-04 4.33921E-04 7.10465E-04 3.02535E-04 4.29896E-04 6.89454E-04 6.45260E-04
                                     6.60973E-04 1.72350E-03 3.60799E-04 2.25747E-03 3.98544E-04 3.16536E-03 3.83875E-03 6.19014E-04
                  0.141630  136:172  2.88941E-02 1.56959E-02 6.30481E-03 2.39559E-02 1.73832E-02 5.11104E-03 2.57538E-02 2.21356E-02
                  0.125581  136:172  4.44952E-03 1.24318E-02 1.91343E-02 3.68951E-02 4.09214E-02 5.82552E-02 2.01231E-02 5.07534E-02
                                     6.03686E-02 2.01530E-02 7.01971E-02 6.25241E-02 2.21337E-02 6.97694E-02 1.45139E-02 4.90845E-02
                                     4.46008E-02 3.91909E-02 3.78590E-02 3.11985E-02 2.06675E-02 1.88779E-02 1.66631E-02 1.39663E-02
                                     1.07269E-02 4.76582E-03 2.12560E-03 1.53617E-03 8.79322E-04 1.64028E-02 1.40113E-02 1.12162E-02
                 1.00000E+00 TOTAL FLUX          3.22789E-03 1.29318E-03 8.08824E-04 3.07009E-04                                    

MATERIAL REACTION RATES
-----------------------
                           NUM DENSITY REACTION    ABS         N,GAM       N,2N        FISS        YIELD       POWER                   MW/Te       
         MATERIAL NUCLIDE  MATL FLUX   GROUPS                                                                                                      
            1     MATERIAL 1.62740E+04   1:135     13.086      8.7766      5.64653E-02 4.3661      11.113      1.41704E-10             5.81233E-10 
                           2.33721E+03 136:172     19.516      4.5125                  15.003      36.551      4.84859E-10             1.98876E-09 
 
            2     MATERIAL 1.62678E+04   1:135     13.142      8.8291      5.64573E-02 4.3697      11.121      1.41821E-10             5.81719E-10 
                           2.34586E+03 136:172     19.616      4.5352                  15.081      36.740      4.87364E-10             1.99906E-09 
 
            3     MATERIAL 1.62609E+04   1:135     13.201      8.8840      5.63977E-02 4.3733      11.129      1.41937E-10             5.82176E-10 
                           2.35471E+03 136:172     19.719      4.5585                  15.161      36.935      4.89949E-10             2.00960E-09 
 
            4     MATERIAL 1.62560E+04   1:135     13.261      8.9401      5.63427E-02 4.3776      11.139      1.42075E-10             5.82762E-10 
                           2.36384E+03 136:172     19.825      4.5824                  15.243      37.134      4.92592E-10             2.02050E-09 
 
            5     MATERIAL 1.62472E+04   1:135     13.323      8.9981      5.62280E-02 4.3810      11.146      1.42182E-10             5.83193E-10 
                           2.37320E+03 136:172     19.934      4.6071                  15.327      37.340      4.95323E-10             2.03169E-09 
 
            6     MATERIAL 1.62416E+04   1:135     13.387      9.0579      5.62655E-02 4.3854      11.157      1.42325E-10             5.83792E-10 
                           2.38280E+03 136:172     20.046      4.6323                  15.413      37.550      4.98113E-10             2.04317E-09 
 
            7     MATERIAL 1.62345E+04   1:135     13.453      9.1197      5.61474E-02 4.3896      11.166      1.42461E-10             5.84339E-10 
                           2.39266E+03 136:172     20.161      4.6584                  15.503      37.768      5.01005E-10             2.05500E-09 
 
            8     MATERIAL 1.62253E+04   1:135     13.522      9.1841      5.60300E-02 4.3936      11.175      1.42587E-10             5.84822E-10 
                           2.40284E+03 136:172     20.282      4.6856                  15.596      37.996      5.04019E-10             2.06724E-09 
 
            9     MATERIAL 1.62188E+04   1:135     13.592      9.2496      5.60317E-02 4.3981      11.186      1.42733E-10             5.85469E-10 
                           2.41332E+03 136:172     20.403      4.7130                  15.690      38.224      5.07054E-10             2.07986E-09 
 
           10     MATERIAL 1.62103E+04   1:135     13.665      9.3185      5.60152E-02 4.4026      11.196      1.42876E-10             5.86051E-10 
                           2.42420E+03 136:172     20.531      4.7419                  15.789      38.466      5.10254E-10             2.09297E-09 
 
           11     MATERIAL 1.62013E+04   1:135     13.741      9.3901      5.58316E-02 4.4071      11.206      1.43021E-10             5.86640E-10 
                           2.43544E+03 136:172     20.664      4.7719                  15.892      38.716      5.13576E-10             2.10657E-09 
 
           12     MATERIAL 1.61924E+04   1:135     13.821      9.4651      5.57205E-02 4.4121      11.217      1.43180E-10             5.87287E-10 
                           2.44717E+03 136:172     20.802      4.8032                  15.999      38.977      5.17040E-10             2.12077E-09 
 
           13     MATERIAL 1.61826E+04   1:135     13.905      9.5437      5.57095E-02 4.4169      11.228      1.43335E-10             5.87927E-10 
                           2.45942E+03 136:172     20.947      4.8359                  16.111      39.250      5.20659E-10             2.13563E-09 
 
           14     MATERIAL 1.61713E+04   1:135     13.993      9.6270      5.56798E-02 4.4221      11.240      1.43501E-10             5.88595E-10 
                           2.47228E+03 136:172     21.100      4.8705                  16.229      39.538      5.24484E-10             2.15127E-09 
 
           15     MATERIAL 1.61626E+04   1:135     14.088      9.7153      5.55759E-02 4.4281      11.254      1.43695E-10             5.89407E-10 
                           2.48585E+03 136:172     21.261      4.9068                  16.354      39.841      5.28505E-10             2.16781E-09 
 
           16     MATERIAL 1.61506E+04   1:135     14.189      9.8105      5.53255E-02 4.4343      11.267      1.43894E-10             5.90192E-10 
                           2.50030E+03 136:172     21.434      4.9459                  16.488      40.168      5.32839E-10             2.18548E-09 
 
           17     MATERIAL 1.61350E+04   1:135     14.297      9.9130      5.52162E-02 4.4388      11.277      1.44037E-10             5.90825E-10 
                           2.51589E+03 136:172     21.618      4.9876                  16.631      40.516      5.37454E-10             2.20458E-09 
 
           18     MATERIAL 1.61191E+04   1:135     14.420      10.029      5.51732E-02 4.4461      11.293      1.44271E-10             5.91732E-10 
                           2.53297E+03 136:172     21.825      5.0342                  16.791      40.905      5.42619E-10             2.22557E-09 
 
           19     MATERIAL 1.61054E+04   1:135     14.560      10.160      5.51080E-02 4.4549      11.314      1.44554E-10             5.92946E-10 
                           2.55226E+03 136:172     22.055      5.0862                  16.969      41.340      5.48383E-10             2.24941E-09 
 
           20     MATERIAL 1.60998E+04   1:135     14.744      10.331      5.50512E-02 4.4679      11.345      1.44974E-10             5.94632E-10 
                           2.57577E+03 136:172     22.341      5.1508                  17.190      41.879      5.55538E-10             2.27862E-09 
 
           21     MATERIAL 1.59352E+04   1:135     4.3785      4.3785                                                                              
                           2.74563E+03 136:172     22.486      22.486                                                                              
 
 
                  REACTOR                1:135     279.77      192.72      1.1168      88.165      224.17      2.86116E-09                         
                                       136:172     436.57      118.11      0.0000      318.46      775.84      1.02916E-08                         

EDIT completed


TIMING: Module: cpu           0.00 wall          0.00 Overall: cpu           0.36 wall          0.41
====================================================================================================
INPUT:STOP

Finished WIMS
