
DETEXERCISE1 = [
    1    1    1    1    1    1    1    1    1    1  7.69094E+12 0.00135 
    2    1    1    1    1    1    1    1    1    2  7.79329E+12 0.00126 
    3    1    1    1    1    1    1    1    1    3  7.91992E+12 0.00130 
    4    1    1    1    1    1    1    1    1    4  8.05312E+12 0.00127 
    5    1    1    1    1    1    1    1    1    5  8.22540E+12 0.00131 
    6    1    1    1    1    1    1    1    1    6  8.44598E+12 0.00124 
    7    1    1    1    1    1    1    1    1    7  8.76800E+12 0.00128 
    8    1    1    1    1    1    1    1    1    8  9.25635E+12 0.00133 
    9    1    1    1    1    1    1    1    1    9  1.04334E+13 0.00139 
   10    1    1    1    1    1    1    1    1   10  1.71547E+13 0.00147 
];


DETEXERCISE1R = [
 0.00000E+00  1.50208E-01  7.51040E-02
 1.50208E-01  2.12426E-01  1.81317E-01
 2.12426E-01  2.60168E-01  2.36297E-01
 2.60168E-01  3.00416E-01  2.80292E-01
 3.00416E-01  3.35876E-01  3.18146E-01
 3.35876E-01  3.67933E-01  3.51905E-01
 3.67933E-01  3.97414E-01  3.82673E-01
 3.97414E-01  4.24853E-01  4.11133E-01
 4.24853E-01  4.50625E-01  4.37739E-01
 4.50625E-01  4.75000E-01  4.62812E-01
];

DETEXERCISE1PHI = [
 0.00000E+00  3.60000E+02  1.80000E+02
];

DETEXERCISE1Z = [
-1.00000E+18  1.00000E+18  0.00000E+00
];

DETEXERCISE256fuel = [
    1    1    1    1    1    1    1    1    1    1  0.00000E+00 0.00000 
    2    2    1    1    1    1    1    1    1    1  0.00000E+00 0.00000 
    3    3    1    1    1    1    1    1    1    1  0.00000E+00 0.00000 
    4    4    1    1    1    1    1    1    1    1  0.00000E+00 0.00000 
    5    5    1    1    1    1    1    1    1    1  0.00000E+00 0.00000 
    6    6    1    1    1    1    1    1    1    1  0.00000E+00 0.00000 
    7    7    1    1    1    1    1    1    1    1  0.00000E+00 0.00000 
    8    8    1    1    1    1    1    1    1    1  0.00000E+00 0.00000 
    9    9    1    1    1    1    1    1    1    1  0.00000E+00 0.00000 
   10   10    1    1    1    1    1    1    1    1  0.00000E+00 0.00000 
   11   11    1    1    1    1    1    1    1    1  0.00000E+00 0.00000 
   12   12    1    1    1    1    1    1    1    1  0.00000E+00 0.00000 
   13   13    1    1    1    1    1    1    1    1  0.00000E+00 0.00000 
   14   14    1    1    1    1    1    1    1    1  8.51238E+06 1.00000 
   15   15    1    1    1    1    1    1    1    1  8.99228E+06 1.00000 
   16   16    1    1    1    1    1    1    1    1  0.00000E+00 0.00000 
   17   17    1    1    1    1    1    1    1    1  9.06459E+06 1.00000 
   18   18    1    1    1    1    1    1    1    1  9.31261E+06 1.00000 
   19   19    1    1    1    1    1    1    1    1  9.03173E+06 1.00000 
   20   20    1    1    1    1    1    1    1    1  4.51998E+07 0.44650 
   21   21    1    1    1    1    1    1    1    1  1.81274E+07 0.70680 
   22   22    1    1    1    1    1    1    1    1  4.43280E+07 0.44639 
   23   23    1    1    1    1    1    1    1    1  7.20376E+07 0.35238 
   24   24    1    1    1    1    1    1    1    1  1.44540E+08 0.24818 
   25   25    1    1    1    1    1    1    1    1  2.42632E+08 0.18998 
   26   26    1    1    1    1    1    1    1    1  1.79382E+08 0.22151 
   27   27    1    1    1    1    1    1    1    1  2.68986E+08 0.18591 
   28   28    1    1    1    1    1    1    1    1  2.89183E+08 0.17949 
   29   29    1    1    1    1    1    1    1    1  4.51758E+08 0.14084 
   30   30    1    1    1    1    1    1    1    1  7.64358E+08 0.10646 
   31   31    1    1    1    1    1    1    1    1  1.06142E+09 0.09211 
   32   32    1    1    1    1    1    1    1    1  1.35758E+09 0.08432 
   33   33    1    1    1    1    1    1    1    1  2.17368E+09 0.06480 
   34   34    1    1    1    1    1    1    1    1  3.25839E+09 0.05285 
   35   35    1    1    1    1    1    1    1    1  4.30139E+09 0.04590 
   36   36    1    1    1    1    1    1    1    1  5.83195E+09 0.04026 
   37   37    1    1    1    1    1    1    1    1  9.46168E+09 0.03024 
   38   38    1    1    1    1    1    1    1    1  3.12390E+10 0.01693 
   39   39    1    1    1    1    1    1    1    1  2.32930E+10 0.01953 
   40   40    1    1    1    1    1    1    1    1  3.02157E+10 0.01691 
   41   41    1    1    1    1    1    1    1    1  4.04518E+10 0.01527 
   42   42    1    1    1    1    1    1    1    1  4.97764E+10 0.01405 
   43   43    1    1    1    1    1    1    1    1  7.14177E+10 0.01162 
   44   44    1    1    1    1    1    1    1    1  1.06320E+11 0.00944 
   45   45    1    1    1    1    1    1    1    1  2.51484E+11 0.00586 
   46   46    1    1    1    1    1    1    1    1  2.25238E+11 0.00677 
   47   47    1    1    1    1    1    1    1    1  3.01499E+11 0.00560 
   48   48    1    1    1    1    1    1    1    1  4.16952E+11 0.00457 
   49   49    1    1    1    1    1    1    1    1  8.06166E+11 0.00324 
   50   50    1    1    1    1    1    1    1    1  8.33636E+11 0.00339 
   51   51    1    1    1    1    1    1    1    1  1.18238E+12 0.00280 
   52   52    1    1    1    1    1    1    1    1  1.65771E+12 0.00241 
   53   53    1    1    1    1    1    1    1    1  2.16959E+12 0.00206 
   54   54    1    1    1    1    1    1    1    1  2.81603E+12 0.00185 
   55   55    1    1    1    1    1    1    1    1  3.64358E+12 0.00158 
   56   56    1    1    1    1    1    1    1    1  4.62975E+12 0.00140 
   57   57    1    1    1    1    1    1    1    1  5.72085E+12 0.00126 
   58   58    1    1    1    1    1    1    1    1  6.88690E+12 0.00112 
   59   59    1    1    1    1    1    1    1    1  8.04213E+12 0.00106 
   60   60    1    1    1    1    1    1    1    1  9.01218E+12 0.00098 
   61   61    1    1    1    1    1    1    1    1  9.71636E+12 0.00098 
   62   62    1    1    1    1    1    1    1    1  9.93515E+12 0.00095 
   63   63    1    1    1    1    1    1    1    1  9.44954E+12 0.00106 
   64   64    1    1    1    1    1    1    1    1  8.48748E+12 0.00110 
   65   65    1    1    1    1    1    1    1    1  7.13894E+12 0.00121 
   66   66    1    1    1    1    1    1    1    1  5.44302E+12 0.00138 
   67   67    1    1    1    1    1    1    1    1  4.04147E+12 0.00160 
   68   68    1    1    1    1    1    1    1    1  2.69465E+12 0.00206 
   69   69    1    1    1    1    1    1    1    1  1.85233E+12 0.00238 
   70   70    1    1    1    1    1    1    1    1  1.35208E+12 0.00289 
   71   71    1    1    1    1    1    1    1    1  1.14670E+12 0.00314 
   72   72    1    1    1    1    1    1    1    1  1.04891E+12 0.00330 
   73   73    1    1    1    1    1    1    1    1  1.00381E+12 0.00356 
   74   74    1    1    1    1    1    1    1    1  9.91937E+11 0.00342 
   75   75    1    1    1    1    1    1    1    1  9.92490E+11 0.00331 
   76   76    1    1    1    1    1    1    1    1  8.88357E+11 0.00376 
   77   77    1    1    1    1    1    1    1    1  8.60803E+11 0.00373 
   78   78    1    1    1    1    1    1    1    1  8.62802E+11 0.00369 
   79   79    1    1    1    1    1    1    1    1  8.31630E+11 0.00363 
   80   80    1    1    1    1    1    1    1    1  8.41727E+11 0.00359 
   81   81    1    1    1    1    1    1    1    1  8.52971E+11 0.00369 
   82   82    1    1    1    1    1    1    1    1  7.94609E+11 0.00391 
   83   83    1    1    1    1    1    1    1    1  8.05486E+11 0.00381 
   84   84    1    1    1    1    1    1    1    1  1.55426E+12 0.00251 
   85   85    1    1    1    1    1    1    1    1  1.28411E+12 0.00329 
   86   86    1    1    1    1    1    1    1    1  1.06012E+12 0.00338 
   87   87    1    1    1    1    1    1    1    1  9.09730E+11 0.00373 
   88   88    1    1    1    1    1    1    1    1  9.27629E+11 0.00354 
   89   89    1    1    1    1    1    1    1    1  7.87703E+11 0.00391 
   90   90    1    1    1    1    1    1    1    1  1.34102E+12 0.00290 
   91   91    1    1    1    1    1    1    1    1  1.38661E+12 0.00322 
