
DETEXERCISE1 = [
    1    1    1    1    1    1    1    1    1    1  7.68097E+12 0.00130 
    2    1    1    1    1    1    1    1    1    2  7.80894E+12 0.00126 
    3    1    1    1    1    1    1    1    1    3  7.92703E+12 0.00127 
    4    1    1    1    1    1    1    1    1    4  8.08517E+12 0.00122 
    5    1    1    1    1    1    1    1    1    5  8.25381E+12 0.00125 
    6    1    1    1    1    1    1    1    1    6  8.48459E+12 0.00131 
    7    1    1    1    1    1    1    1    1    7  8.77701E+12 0.00130 
    8    1    1    1    1    1    1    1    1    8  9.29210E+12 0.00131 
    9    1    1    1    1    1    1    1    1    9  1.04223E+13 0.00139 
   10    1    1    1    1    1    1    1    1   10  1.71869E+13 0.00150 
];


DETEXERCISE1R = [
 0.00000E+00  1.50208E-01  7.51040E-02
 1.50208E-01  2.12426E-01  1.81317E-01
 2.12426E-01  2.60168E-01  2.36297E-01
 2.60168E-01  3.00416E-01  2.80292E-01
 3.00416E-01  3.35876E-01  3.18146E-01
 3.35876E-01  3.67933E-01  3.51905E-01
 3.67933E-01  3.97414E-01  3.82673E-01
 3.97414E-01  4.24853E-01  4.11133E-01
 4.24853E-01  4.50625E-01  4.37739E-01
 4.50625E-01  4.75000E-01  4.62812E-01
];

DETEXERCISE1PHI = [
 0.00000E+00  3.60000E+02  1.80000E+02
];

DETEXERCISE1Z = [
-1.00000E+18  1.00000E+18  0.00000E+00
];

DETEXERCISE256fuel = [
    1    1    1    1    1    1    1    1    1    1  0.00000E+00 0.00000 
    2    2    1    1    1    1    1    1    1    1  0.00000E+00 0.00000 
    3    3    1    1    1    1    1    1    1    1  0.00000E+00 0.00000 
    4    4    1    1    1    1    1    1    1    1  0.00000E+00 0.00000 
    5    5    1    1    1    1    1    1    1    1  0.00000E+00 0.00000 
    6    6    1    1    1    1    1    1    1    1  0.00000E+00 0.00000 
    7    7    1    1    1    1    1    1    1    1  0.00000E+00 0.00000 
    8    8    1    1    1    1    1    1    1    1  0.00000E+00 0.00000 
    9    9    1    1    1    1    1    1    1    1  0.00000E+00 0.00000 
   10   10    1    1    1    1    1    1    1    1  0.00000E+00 0.00000 
   11   11    1    1    1    1    1    1    1    1  0.00000E+00 0.00000 
   12   12    1    1    1    1    1    1    1    1  0.00000E+00 0.00000 
   13   13    1    1    1    1    1    1    1    1  2.59294E+07 0.57701 
   14   14    1    1    1    1    1    1    1    1  1.73246E+07 0.70686 
   15   15    1    1    1    1    1    1    1    1  2.64224E+07 0.57682 
   16   16    1    1    1    1    1    1    1    1  3.49638E+07 0.49928 
   17   17    1    1    1    1    1    1    1    1  2.54623E+07 0.57679 
   18   18    1    1    1    1    1    1    1    1  1.73524E+07 0.70695 
   19   19    1    1    1    1    1    1    1    1  0.00000E+00 0.00000 
   20   20    1    1    1    1    1    1    1    1  4.30817E+07 0.44635 
   21   21    1    1    1    1    1    1    1    1  1.71933E+07 0.70675 
   22   22    1    1    1    1    1    1    1    1  6.08731E+07 0.37684 
   23   23    1    1    1    1    1    1    1    1  6.10787E+07 0.37687 
   24   24    1    1    1    1    1    1    1    1  1.20699E+08 0.26556 
   25   25    1    1    1    1    1    1    1    1  8.68764E+07 0.31484 
   26   26    1    1    1    1    1    1    1    1  9.51372E+07 0.32663 
   27   27    1    1    1    1    1    1    1    1  2.77092E+08 0.17980 
   28   28    1    1    1    1    1    1    1    1  3.64083E+08 0.15486 
   29   29    1    1    1    1    1    1    1    1  5.61883E+08 0.12389 
   30   30    1    1    1    1    1    1    1    1  6.14400E+08 0.11612 
   31   31    1    1    1    1    1    1    1    1  1.18493E+09 0.08400 
   32   32    1    1    1    1    1    1    1    1  1.24743E+09 0.08359 
   33   33    1    1    1    1    1    1    1    1  2.18454E+09 0.06511 
   34   34    1    1    1    1    1    1    1    1  3.24099E+09 0.05148 
   35   35    1    1    1    1    1    1    1    1  3.98833E+09 0.04614 
   36   36    1    1    1    1    1    1    1    1  5.62073E+09 0.03822 
   37   37    1    1    1    1    1    1    1    1  9.55378E+09 0.03241 
   38   38    1    1    1    1    1    1    1    1  3.02806E+10 0.01699 
   39   39    1    1    1    1    1    1    1    1  2.33413E+10 0.01949 
   40   40    1    1    1    1    1    1    1    1  3.08878E+10 0.01753 
   41   41    1    1    1    1    1    1    1    1  4.05263E+10 0.01442 
   42   42    1    1    1    1    1    1    1    1  4.93110E+10 0.01318 
   43   43    1    1    1    1    1    1    1    1  7.19478E+10 0.01112 
   44   44    1    1    1    1    1    1    1    1  1.06387E+11 0.00888 
   45   45    1    1    1    1    1    1    1    1  2.54451E+11 0.00582 
   46   46    1    1    1    1    1    1    1    1  2.26336E+11 0.00616 
   47   47    1    1    1    1    1    1    1    1  3.05684E+11 0.00544 
   48   48    1    1    1    1    1    1    1    1  4.20440E+11 0.00448 
   49   49    1    1    1    1    1    1    1    1  8.08936E+11 0.00351 
   50   50    1    1    1    1    1    1    1    1  8.28916E+11 0.00333 
   51   51    1    1    1    1    1    1    1    1  1.17564E+12 0.00276 
   52   52    1    1    1    1    1    1    1    1  1.64806E+12 0.00233 
   53   53    1    1    1    1    1    1    1    1  2.16247E+12 0.00208 
   54   54    1    1    1    1    1    1    1    1  2.81649E+12 0.00178 
   55   55    1    1    1    1    1    1    1    1  3.63412E+12 0.00163 
   56   56    1    1    1    1    1    1    1    1  4.63077E+12 0.00140 
   57   57    1    1    1    1    1    1    1    1  5.72083E+12 0.00122 
   58   58    1    1    1    1    1    1    1    1  6.89507E+12 0.00111 
   59   59    1    1    1    1    1    1    1    1  8.04460E+12 0.00100 
   60   60    1    1    1    1    1    1    1    1  9.01649E+12 0.00101 
   61   61    1    1    1    1    1    1    1    1  9.70084E+12 0.00096 
   62   62    1    1    1    1    1    1    1    1  9.92104E+12 0.00101 
   63   63    1    1    1    1    1    1    1    1  9.45697E+12 0.00098 
   64   64    1    1    1    1    1    1    1    1  8.49102E+12 0.00104 
   65   65    1    1    1    1    1    1    1    1  7.16557E+12 0.00122 
   66   66    1    1    1    1    1    1    1    1  5.46506E+12 0.00141 
   67   67    1    1    1    1    1    1    1    1  4.05745E+12 0.00159 
   68   68    1    1    1    1    1    1    1    1  2.70876E+12 0.00194 
   69   69    1    1    1    1    1    1    1    1  1.85400E+12 0.00247 
   70   70    1    1    1    1    1    1    1    1  1.35357E+12 0.00279 
   71   71    1    1    1    1    1    1    1    1  1.15679E+12 0.00314 
   72   72    1    1    1    1    1    1    1    1  1.06212E+12 0.00332 
   73   73    1    1    1    1    1    1    1    1  1.00994E+12 0.00342 
   74   74    1    1    1    1    1    1    1    1  9.89726E+11 0.00318 
   75   75    1    1    1    1    1    1    1    1  1.00567E+12 0.00325 
   76   76    1    1    1    1    1    1    1    1  8.90340E+11 0.00355 
   77   77    1    1    1    1    1    1    1    1  8.79478E+11 0.00359 
   78   78    1    1    1    1    1    1    1    1  8.72394E+11 0.00373 
   79   79    1    1    1    1    1    1    1    1  8.34477E+11 0.00381 
   80   80    1    1    1    1    1    1    1    1  8.50960E+11 0.00353 
   81   81    1    1    1    1    1    1    1    1  8.52949E+11 0.00372 
   82   82    1    1    1    1    1    1    1    1  7.97134E+11 0.00379 
   83   83    1    1    1    1    1    1    1    1  8.12940E+11 0.00369 
   84   84    1    1    1    1    1    1    1    1  1.57064E+12 0.00256 
   85   85    1    1    1    1    1    1    1    1  1.30265E+12 0.00311 
   86   86    1    1    1    1    1    1    1    1  1.06801E+12 0.00320 
   87   87    1    1    1    1    1    1    1    1  9.12368E+11 0.00372 
   88   88    1    1    1    1    1    1    1    1  9.29065E+11 0.00334 
   89   89    1    1    1    1    1    1    1    1  7.92511E+11 0.00375 
   90   90    1    1    1    1    1    1    1    1  1.34951E+12 0.00286 
   91   91    1    1    1    1    1    1    1    1  1.38419E+12 0.00314 
